const short map0[9360] = {
49, 56, 49, 49, 49, 49, 49, 50, 49, 49, 49, 56, 49, 54, 55, 49, 
49, 49, 49, 50, 49, 49, 56, 49, 49, 49, 51, 49, 49, 49, 49, 49, 
49, 56, 49, 51, 49, 49, 49, 49, 49, 49, 49, 49, 49, 49, 56, 49, 
49, 49, 49, 49, 49, 49, 54, 55, 49, 56, 49, 49, 49, 49, 50, 49, 
49, 49, 49, 49, 56, 49, 49, 49, 49, 50, 49, 49, 49, 49, 49, 54, 
55, 49, 49, 49, 56, 49, 49, 49, 49, 49, 49, 49, 49, 49, 49, 49, 
49, 49, 56, 49, 49, 54, 55, 49, 49, 50, 49, 49, 49, 49, 49, 49, 
56, 49, 49, 49, 49, 54, 55, 49,
49, 56, 54, 55, 49, 49, 49, 49, 49, 49, 49, 56, 49, 52, 53, 49, 
49, 51, 49, 50, 49, 49, 56, 49, 50, 49, 49, 63, 49, 49, 49, 49, 
49, 56, 49, 49, 49, 49, 49, 49, 54, 55, 49, 49, 49, 49, 56, 49, 
51, 49, 49, 49, 49, 49, 52, 53, 49, 56, 51, 49, 49, 49, 49, 49, 
49, 50, 49, 49, 56, 49, 49, 49, 49, 49, 49, 49, 49, 49, 49, 52, 
53, 49, 50, 49, 56, 49, 49, 50, 49, 49, 49, 63, 49, 49, 49, 49, 
50, 49, 56, 49, 49, 52, 53, 49, 50, 49, 49, 49, 49, 54, 55, 49, 
56, 49, 49, 51, 49, 52, 53, 49,
49, 56, 52, 53, 49, 49, 49, 49, 49, 49, 49, 56, 49, 49, 49, 49, 
49, 49, 49, 49, 49, 49, 56, 49, 49, 49, 49, 50, 49, 49, 49, 49, 
49, 56, 49, 49, 49, 49, 49, 49, 52, 53, 49, 49, 49, 49, 56, 49, 
49, 49, 49, 49, 49, 49, 49, 49, 49, 56, 49, 49, 49, 49, 49, 49, 
49, 49, 49, 49, 56, 49, 49, 49, 49, 49, 49, 49, 49, 49, 49, 49, 
49, 49, 49, 49, 56, 49, 49, 49, 49, 49, 49, 49, 49, 49, 49, 49, 
49, 49, 56, 49, 49, 49, 49, 49, 49, 50, 49, 49, 49, 52, 53, 49, 
56, 49, 49, 49, 50, 50, 49, 49,
57, 58, 57, 57, 57, 57, 57, 57, 57, 57, 57, 58, 57, 57, 57, 57, 
57, 57, 57, 57, 57, 57, 58, 57, 57, 57, 57, 57, 57, 57, 57, 57, 
57, 58, 57, 57, 57, 57, 57, 57, 57, 57, 57, 57, 57, 57, 58, 57, 
57, 57, 57, 57, 57, 57, 57, 57, 57, 58, 57, 57, 57, 57, 57, 57, 
57, 57, 57, 57, 58, 57, 57, 57, 57, 57, 57, 57, 57, 57, 57, 57, 
57, 57, 57, 57, 58, 57, 57, 57, 57, 57, 57, 57, 57, 57, 57, 57, 
57, 57, 58, 57, 57, 57, 57, 57, 57, 57, 57, 57, 57, 57, 57, 57, 
58, 57, 57, 57, 57, 57, 57, 57,
49, 56, 49, 49, 49, 49, 50, 49, 49, 51, 49, 56, 49, 49, 49, 49, 
49, 49, 49, 49, 49, 49, 56, 49, 49, 49, 49, 49, 49, 49, 49, 49, 
49, 56, 49, 49, 49, 49, 49, 49, 49, 49, 49, 49, 49, 49, 56, 49, 
49, 49, 49, 49, 49, 49, 49, 49, 49, 56, 49, 49, 49, 49, 49, 49, 
49, 49, 49, 49, 56, 49, 49, 49, 49, 49, 49, 49, 49, 49, 49, 49, 
49, 49, 49, 49, 56, 49, 49, 49, 49, 49, 49, 49, 49, 49, 49, 49, 
49, 49, 56, 49, 49, 49, 49, 49, 49, 49, 54, 55, 49, 49, 49, 49, 
56, 49, 49, 49, 49, 49, 49, 49,
49, 56, 51, 49, 59, 60, 61, 62, 49, 49, 49, 56, 49, 59, 60, 61, 
62, 61, 62, 61, 62, 49, 56, 49, 59, 60, 59, 60, 59, 60, 61, 62, 
49, 56, 49, 59, 60, 61, 62, 49, 49, 59, 60, 59, 60, 49, 56, 49, 
49, 49, 59, 60, 61, 62, 49, 51, 49, 56, 49, 49, 49, 59, 60, 59, 
60, 49, 49, 50, 56, 49, 61, 62, 59, 60, 61, 62, 59, 60, 59, 60, 
60, 59, 60, 49, 56, 49, 61, 62, 59, 60, 49, 50, 49, 59, 60, 61, 
62, 49, 56, 49, 61, 62, 59, 60, 49, 49, 52, 59, 60, 61, 62, 49, 
56, 49, 59, 60, 59, 60, 59, 60,
49, 56, 49, 49, 61, 62, 59, 60, 49, 50, 49, 56, 49, 61, 62, 59, 
60, 61, 62, 59, 60, 49, 56, 49, 61, 62, 59, 60, 59, 60, 59, 60, 
49, 56, 49, 61, 62, 59, 60, 49, 49, 61, 62, 59, 60, 49, 56, 49, 
49, 49, 61, 62, 59, 60, 49, 49, 49, 56, 49, 49, 49, 61, 62, 59, 
60, 49, 49, 49, 56, 49, 59, 60, 59, 60, 61, 62, 59, 60, 59, 60, 
60, 61, 62, 49, 56, 49, 59, 60, 61, 62, 49, 49, 49, 59, 60, 59, 
60, 49, 56, 49, 61, 62, 59, 60, 49, 50, 49, 61, 62, 59, 60, 49, 
56, 49, 59, 60, 59, 60, 61, 62,
49, 56, 49, 49, 59, 60, 59, 60, 49, 49, 49, 56, 49, 59, 60, 61, 
62, 59, 60, 59, 60, 49, 56, 49, 59, 60, 59, 60, 59, 60, 59, 60, 
49, 56, 49, 59, 60, 59, 60, 49, 49, 59, 60, 59, 60, 49, 56, 49, 
49, 49, 59, 60, 59, 60, 49, 49, 49, 56, 49, 49, 49, 59, 60, 61, 
62, 49, 49, 49, 56, 49, 59, 60, 61, 62, 59, 60, 59, 60, 61, 62, 
60, 59, 60, 49, 56, 49, 59, 60, 61, 62, 49, 49, 49, 61, 62, 59, 
60, 49, 56, 49, 59, 60, 61, 62, 49, 49, 49, 59, 60, 59, 60, 55, 
56, 49, 61, 62, 61, 62, 61, 62,
49, 56, 49, 49, 49, 49, 49, 50, 49, 54, 55, 56, 49, 49, 49, 50, 
49, 49, 50, 49, 49, 49, 56, 50, 49, 49, 51, 49, 49, 49, 49, 49, 
49, 56, 49, 49, 49, 49, 49, 54, 55, 49, 49, 49, 49, 49, 56, 49, 
51, 49, 49, 49, 49, 49, 49, 49, 49, 56, 49, 49, 49, 49, 49, 49, 
49, 49, 49, 49, 56, 49, 49, 49, 49, 49, 49, 49, 49, 49, 49, 49, 
49, 49, 49, 49, 56, 49, 49, 49, 49, 49, 49, 49, 49, 49, 49, 49, 
49, 49, 56, 54, 55, 49, 49, 49, 49, 49, 50, 49, 49, 49, 52, 53, 
56, 49, 54, 55, 49, 49, 49, 49,
49, 56, 49, 51, 49, 49, 49, 63, 49, 52, 53, 56, 49, 49, 51, 49, 
49, 49, 50, 49, 54, 55, 56, 49, 49, 49, 49, 49, 50, 49, 54, 55, 
49, 56, 49, 49, 49, 49, 49, 52, 53, 49, 49, 49, 49, 49, 56, 49, 
49, 49, 49, 49, 54, 55, 49, 49, 49, 56, 49, 49, 49, 51, 49, 50, 
49, 54, 55, 49, 56, 49, 54, 55, 49, 49, 49, 50, 49, 51, 49, 49, 
49, 49, 51, 49, 56, 49, 49, 49, 50, 49, 49, 49, 50, 49, 49, 49, 
50, 49, 56, 52, 53, 49, 49, 49, 54, 55, 49, 50, 50, 49, 49, 49, 
56, 49, 52, 53, 49, 50, 49, 49,
49, 56, 49, 49, 49, 49, 49, 49, 49, 49, 49, 56, 49, 49, 49, 49, 
50, 49, 49, 49, 52, 53, 56, 49, 50, 49, 49, 49, 49, 49, 52, 53, 
49, 56, 49, 49, 49, 49, 49, 49, 49, 49, 49, 49, 49, 51, 56, 49, 
49, 49, 49, 49, 52, 53, 49, 49, 49, 56, 49, 49, 49, 49, 49, 49, 
49, 52, 53, 49, 56, 49, 52, 53, 49, 49, 49, 49, 49, 49, 49, 49, 
49, 49, 49, 49, 56, 49, 49, 49, 49, 49, 49, 49, 49, 49, 49, 49, 
49, 49, 56, 49, 49, 49, 49, 51, 52, 53, 49, 49, 49, 49, 50, 50, 
56, 49, 49, 49, 49, 49, 49, 49,
57, 58, 57, 57, 57, 57, 57, 57, 57, 57, 57, 58, 57, 57, 57, 57, 
57, 57, 57, 57, 57, 57, 58, 57, 57, 57, 57, 57, 57, 57, 57, 57, 
57, 58, 57, 57, 57, 57, 57, 57, 57, 57, 57, 57, 57, 57, 58, 57, 
57, 57, 57, 57, 57, 57, 57, 57, 57, 58, 57, 57, 57, 57, 57, 57, 
57, 57, 57, 57, 58, 57, 57, 57, 57, 57, 57, 57, 57, 57, 57, 57, 
57, 57, 57, 57, 58, 57, 57, 57, 57, 57, 57, 57, 57, 57, 57, 57, 
57, 57, 58, 57, 57, 57, 57, 57, 57, 57, 57, 57, 57, 57, 57, 57, 
58, 57, 57, 57, 57, 57, 57, 57,
49, 56, 49, 49, 49, 49, 49, 49, 49, 50, 49, 56, 49, 49, 49, 49, 
49, 49, 49, 49, 49, 50, 56, 49, 49, 49, 49, 49, 49, 49, 49, 49, 
49, 56, 49, 49, 49, 49, 49, 49, 49, 49, 49, 49, 49, 49, 56, 49, 
49, 49, 49, 49, 49, 49, 49, 54, 55, 56, 49, 49, 49, 49, 49, 49, 
49, 49, 49, 49, 56, 49, 49, 49, 49, 49, 49, 49, 49, 49, 49, 49, 
49, 49, 49, 49, 56, 49, 49, 49, 49, 49, 49, 49, 49, 49, 49, 49, 
49, 49, 56, 49, 49, 49, 49, 49, 54, 55, 49, 49, 49, 49, 49, 49, 
56, 49, 49, 49, 49, 49, 49, 49,
49, 56, 49, 49, 61, 62, 59, 60, 49, 49, 49, 56, 49, 61, 62, 59, 
60, 61, 62, 59, 60, 49, 56, 49, 61, 62, 59, 60, 59, 60, 61, 62, 
49, 56, 49, 59, 60, 61, 62, 49, 49, 61, 62, 59, 60, 49, 56, 49, 
51, 49, 61, 62, 59, 60, 49, 52, 50, 56, 49, 49, 49, 59, 60, 61, 
62, 49, 49, 49, 56, 49, 61, 62, 59, 60, 59, 60, 59, 60, 59, 60, 
60, 61, 62, 49, 56, 49, 59, 60, 61, 62, 49, 49, 50, 59, 60, 61, 
62, 49, 56, 49, 59, 60, 59, 60, 52, 53, 49, 59, 60, 61, 62, 49, 
56, 49, 61, 62, 59, 60, 50, 49,
49, 56, 50, 49, 59, 60, 61, 62, 49, 50, 49, 56, 49, 59, 60, 61, 
62, 59, 60, 61, 62, 49, 56, 49, 59, 60, 59, 60, 61, 62, 59, 60, 
49, 56, 49, 61, 62, 59, 60, 49, 49, 59, 60, 61, 62, 49, 56, 49, 
49, 49, 59, 60, 61, 62, 49, 49, 50, 56, 49, 49, 49, 59, 60, 59, 
60, 49, 50, 49, 56, 49, 59, 60, 59, 60, 59, 60, 59, 60, 61, 62, 
62, 59, 60, 49, 56, 49, 59, 60, 59, 60, 49, 49, 49, 61, 62, 59, 
60, 49, 56, 49, 61, 62, 59, 60, 49, 49, 50, 61, 62, 61, 62, 49, 
56, 49, 59, 60, 61, 62, 49, 49,
49, 56, 49, 50, 61, 62, 59, 60, 49, 50, 49, 56, 49, 61, 62, 59, 
60, 59, 60, 59, 60, 49, 56, 49, 61, 62, 59, 60, 59, 60, 59, 60, 
49, 56, 49, 59, 60, 59, 60, 49, 49, 61, 62, 59, 60, 49, 56, 49, 
50, 49, 61, 62, 59, 60, 49, 49, 49, 56, 49, 49, 49, 59, 60, 61, 
62, 49, 49, 49, 56, 49, 59, 60, 61, 62, 59, 60, 61, 62, 59, 60, 
60, 59, 60, 49, 56, 49, 61, 62, 61, 62, 49, 49, 49, 59, 60, 59, 
60, 49, 56, 49, 59, 60, 61, 62, 49, 49, 49, 59, 60, 59, 60, 49, 
56, 49, 59, 60, 61, 62, 49, 49,
49, 56, 49, 49, 49, 49, 49, 49, 49, 49, 50, 56, 49, 49, 49, 49, 
49, 49, 49, 49, 49, 50, 56, 49, 49, 49, 51, 49, 49, 50, 49, 49, 
49, 56, 49, 49, 49, 49, 49, 49, 49, 49, 49, 49, 49, 49, 56, 49, 
49, 49, 49, 49, 49, 50, 50, 49, 49, 56, 49, 49, 49, 49, 49, 49, 
49, 50, 49, 49, 56, 49, 49, 49, 49, 49, 49, 49, 49, 49, 49, 49, 
49, 49, 49, 49, 56, 49, 49, 49, 49, 49, 50, 49, 49, 63, 49, 49, 
49, 49, 56, 49, 54, 55, 49, 49, 49, 50, 49, 49, 49, 49, 49, 49, 
56, 49, 49, 49, 49, 49, 54, 55,
49, 56, 50, 49, 54, 55, 49, 49, 51, 49, 49, 56, 54, 55, 49, 49, 
51, 49, 49, 50, 49, 49, 56, 49, 50, 49, 49, 49, 50, 49, 49, 50, 
49, 56, 49, 51, 49, 49, 49, 50, 49, 49, 49, 49, 49, 49, 56, 49, 
49, 49, 49, 49, 49, 49, 51, 49, 49, 56, 49, 51, 49, 49, 49, 54, 
55, 49, 49, 49, 56, 49, 49, 51, 49, 50, 49, 49, 49, 49, 49, 54, 
55, 49, 49, 49, 56, 49, 50, 49, 49, 49, 49, 51, 49, 49, 49, 49, 
49, 49, 56, 49, 52, 53, 49, 49, 49, 49, 49, 49, 49, 49, 54, 55, 
56, 49, 51, 49, 50, 49, 52, 53,
49, 56, 49, 49, 52, 53, 49, 49, 49, 49, 49, 56, 52, 53, 49, 49, 
49, 49, 49, 49, 49, 49, 56, 49, 49, 49, 49, 49, 49, 49, 49, 49, 
49, 56, 49, 49, 49, 49, 49, 49, 49, 49, 51, 49, 49, 49, 56, 49, 
49, 49, 50, 49, 49, 49, 49, 49, 49, 56, 49, 49, 49, 49, 49, 52, 
53, 49, 49, 50, 56, 49, 49, 49, 49, 49, 49, 50, 49, 49, 49, 52, 
53, 49, 49, 49, 56, 49, 49, 49, 49, 49, 49, 49, 49, 49, 49, 49, 
49, 50, 56, 49, 49, 49, 49, 50, 49, 49, 49, 49, 49, 50, 52, 53, 
56, 49, 49, 49, 49, 49, 49, 49,
57, 58, 57, 57, 57, 57, 57, 57, 57, 57, 57, 58, 57, 57, 57, 57, 
57, 57, 57, 57, 57, 57, 58, 57, 57, 57, 57, 57, 57, 57, 57, 57, 
57, 58, 57, 57, 57, 57, 57, 57, 57, 57, 57, 57, 57, 57, 58, 57, 
57, 57, 57, 57, 57, 57, 57, 57, 57, 58, 57, 57, 57, 57, 57, 57, 
57, 57, 57, 57, 58, 57, 57, 57, 57, 57, 57, 57, 57, 57, 57, 57, 
57, 57, 57, 57, 58, 57, 57, 57, 57, 57, 57, 57, 57, 57, 57, 57, 
57, 57, 58, 57, 57, 57, 57, 57, 57, 57, 57, 57, 57, 57, 57, 57, 
58, 57, 57, 57, 57, 57, 57, 57,
49, 56, 49, 50, 49, 49, 49, 49, 49, 49, 49, 56, 49, 49, 49, 49, 
49, 49, 49, 49, 49, 49, 56, 49, 49, 49, 49, 49, 49, 49, 49, 49, 
49, 56, 49, 49, 49, 49, 49, 49, 49, 49, 49, 49, 49, 49, 56, 49, 
49, 49, 49, 49, 49, 49, 49, 49, 49, 56, 49, 49, 49, 49, 49, 49, 
49, 49, 49, 49, 56, 49, 49, 49, 49, 49, 49, 49, 49, 49, 49, 49, 
49, 49, 49, 49, 56, 49, 49, 49, 49, 49, 49, 49, 49, 49, 49, 49, 
49, 49, 56, 49, 49, 49, 49, 49, 49, 49, 49, 49, 49, 49, 49, 49, 
56, 49, 49, 49, 49, 49, 49, 49,
49, 56, 49, 49, 59, 60, 61, 62, 49, 49, 50, 56, 49, 59, 60, 61, 
62, 59, 60, 61, 62, 49, 56, 49, 59, 60, 61, 62, 59, 60, 59, 60, 
49, 56, 49, 61, 62, 59, 60, 49, 49, 59, 60, 61, 62, 49, 56, 54, 
55, 49, 59, 60, 61, 62, 49, 49, 49, 56, 49, 49, 49, 59, 60, 59, 
60, 49, 49, 49, 56, 49, 59, 60, 59, 60, 61, 62, 59, 60, 59, 60, 
60, 61, 62, 49, 56, 49, 61, 62, 59, 60, 49, 49, 51, 59, 60, 59, 
60, 49, 56, 49, 61, 62, 59, 60, 49, 50, 49, 61, 62, 59, 60, 49, 
56, 49, 61, 62, 59, 60, 61, 62,
49, 56, 49, 49, 59, 60, 59, 60, 49, 50, 49, 56, 49, 61, 62, 61, 
62, 61, 62, 59, 60, 49, 56, 49, 59, 60, 59, 60, 59, 60, 61, 62, 
49, 56, 49, 59, 60, 61, 62, 49, 49, 59, 60, 59, 60, 49, 56, 52, 
53, 49, 59, 60, 59, 60, 49, 50, 49, 56, 49, 49, 49, 61, 62, 59, 
60, 49, 49, 50, 56, 49, 61, 62, 59, 60, 59, 60, 59, 60, 61, 62, 
62, 59, 60, 49, 56, 49, 61, 62, 59, 60, 49, 50, 49, 59, 60, 61, 
62, 49, 56, 49, 59, 60, 59, 60, 49, 49, 49, 61, 62, 59, 60, 49, 
56, 49, 59, 60, 61, 62, 61, 62,
49, 56, 49, 49, 61, 62, 59, 60, 49, 49, 50, 56, 49, 59, 60, 59, 
60, 61, 62, 59, 60, 49, 56, 49, 61, 62, 59, 60, 61, 62, 59, 60, 
49, 56, 49, 61, 62, 59, 60, 49, 49, 61, 62, 59, 60, 49, 56, 49, 
49, 49, 61, 62, 59, 60, 50, 49, 49, 56, 49, 49, 54, 59, 60, 59, 
60, 49, 49, 49, 56, 54, 59, 60, 59, 60, 59, 60, 61, 62, 61, 62, 
62, 59, 60, 49, 56, 49, 59, 60, 59, 60, 49, 49, 49, 61, 62, 59, 
60, 49, 56, 49, 59, 60, 59, 60, 55, 49, 49, 61, 62, 59, 60, 49, 
56, 49, 59, 60, 61, 62, 59, 60,
49, 56, 49, 51, 49, 49, 49, 49, 49, 49, 49, 56, 49, 49, 51, 49, 
49, 63, 49, 49, 49, 49, 56, 49, 49, 49, 49, 49, 49, 50, 54, 55, 
49, 56, 49, 49, 49, 49, 49, 49, 49, 50, 49, 49, 49, 49, 56, 49, 
51, 49, 49, 49, 49, 49, 49, 49, 49, 56, 49, 49, 52, 53, 49, 49, 
50, 49, 49, 49, 56, 52, 53, 49, 49, 49, 49, 49, 49, 49, 49, 49, 
49, 49, 49, 50, 56, 49, 49, 50, 49, 49, 49, 50, 49, 49, 49, 49, 
49, 50, 56, 49, 49, 49, 49, 52, 53, 49, 49, 49, 49, 49, 50, 49, 
56, 49, 49, 49, 50, 51, 49, 49,
49, 56, 49, 49, 49, 49, 49, 54, 55, 49, 49, 56, 49, 49, 49, 49, 
49, 49, 49, 54, 55, 49, 56, 49, 49, 54, 55, 49, 49, 49, 52, 53, 
49, 56, 49, 49, 49, 49, 49, 54, 55, 49, 49, 51, 49, 49, 56, 49, 
49, 49, 49, 50, 49, 49, 49, 49, 49, 56, 49, 51, 49, 49, 49, 49, 
49, 49, 54, 55, 56, 49, 49, 49, 49, 49, 49, 51, 49, 49, 50, 49, 
49, 49, 49, 49, 56, 49, 49, 49, 49, 49, 50, 49, 49, 54, 55, 50, 
49, 49, 56, 49, 51, 49, 49, 49, 49, 49, 54, 55, 49, 49, 49, 49, 
56, 54, 55, 49, 49, 49, 49, 49,
49, 56, 49, 49, 49, 49, 49, 52, 53, 49, 49, 56, 49, 49, 49, 49, 
49, 49, 49, 52, 53, 49, 56, 49, 49, 52, 53, 49, 50, 49, 49, 49, 
49, 56, 51, 49, 49, 49, 49, 52, 53, 49, 49, 49, 49, 50, 56, 49, 
49, 50, 49, 49, 49, 49, 49, 51, 49, 56, 49, 49, 49, 50, 49, 49, 
49, 49, 52, 53, 56, 49, 49, 49, 50, 49, 49, 49, 49, 49, 49, 49, 
49, 49, 49, 49, 56, 49, 49, 49, 49, 49, 49, 50, 49, 52, 53, 49, 
50, 49, 56, 49, 49, 49, 49, 49, 49, 49, 52, 53, 49, 49, 50, 49, 
56, 52, 53, 49, 49, 49, 49, 49,
57, 58, 57, 57, 57, 57, 57, 57, 57, 57, 57, 58, 57, 57, 57, 57, 
57, 57, 57, 57, 57, 57, 58, 57, 57, 57, 57, 57, 57, 57, 57, 57, 
57, 58, 57, 57, 57, 57, 57, 57, 57, 57, 57, 57, 57, 57, 58, 57, 
57, 57, 57, 57, 57, 57, 57, 57, 57, 58, 57, 57, 57, 57, 57, 57, 
57, 57, 57, 57, 58, 57, 57, 57, 57, 57, 57, 57, 57, 57, 57, 57, 
57, 57, 57, 57, 58, 57, 57, 57, 57, 57, 57, 57, 57, 57, 57, 57, 
57, 57, 58, 57, 57, 57, 57, 57, 57, 57, 57, 57, 57, 57, 57, 57, 
58, 57, 57, 57, 57, 57, 57, 57,
49, 56, 49, 49, 49, 49, 49, 49, 49, 49, 49, 56, 49, 49, 49, 49, 
49, 49, 49, 49, 49, 49, 56, 49, 49, 49, 49, 49, 49, 49, 49, 49, 
49, 56, 49, 49, 49, 49, 49, 49, 50, 49, 49, 49, 49, 49, 56, 49, 
49, 49, 49, 49, 49, 49, 49, 49, 49, 56, 49, 49, 49, 49, 49, 49, 
49, 49, 54, 55, 56, 49, 49, 50, 49, 49, 49, 49, 49, 49, 49, 49, 
50, 49, 49, 49, 56, 51, 49, 49, 49, 49, 49, 49, 49, 49, 49, 49, 
49, 49, 56, 49, 49, 49, 49, 49, 49, 49, 49, 49, 49, 49, 49, 49, 
56, 49, 49, 49, 49, 49, 50, 49,
49, 56, 49, 49, 59, 60, 61, 62, 49, 49, 49, 56, 49, 61, 62, 59, 
60, 61, 62, 61, 62, 49, 56, 49, 59, 60, 61, 62, 59, 60, 61, 62, 
49, 56, 49, 59, 60, 61, 62, 49, 49, 59, 60, 61, 62, 49, 56, 49, 
49, 49, 59, 60, 61, 62, 49, 49, 49, 56, 51, 49, 49, 59, 60, 61, 
62, 50, 52, 53, 56, 49, 59, 60, 61, 62, 59, 60, 59, 60, 61, 61, 
62, 59, 60, 49, 56, 49, 59, 60, 61, 62, 49, 50, 49, 61, 62, 59, 
60, 49, 56, 49, 61, 62, 59, 60, 49, 49, 50, 59, 60, 61, 62, 55, 
56, 49, 61, 62, 59, 60, 49, 49,
49, 56, 50, 49, 59, 60, 59, 60, 49, 50, 49, 56, 49, 59, 60, 61, 
62, 59, 60, 59, 60, 49, 56, 49, 61, 62, 59, 60, 59, 60, 59, 60, 
49, 56, 49, 59, 60, 59, 60, 49, 49, 61, 62, 59, 60, 49, 56, 49, 
49, 49, 59, 60, 59, 60, 49, 49, 49, 56, 49, 49, 49, 61, 62, 59, 
60, 49, 49, 49, 56, 49, 61, 62, 59, 60, 59, 60, 61, 62, 59, 60, 
60, 59, 60, 49, 56, 49, 59, 60, 61, 62, 49, 49, 49, 59, 60, 61, 
62, 49, 56, 49, 59, 60, 61, 62, 49, 49, 49, 59, 60, 59, 60, 53, 
56, 49, 59, 60, 59, 60, 49, 49,
49, 56, 49, 49, 61, 62, 59, 60, 49, 49, 49, 56, 49, 61, 62, 59, 
60, 59, 60, 59, 60, 49, 56, 49, 59, 60, 59, 60, 61, 62, 59, 60, 
49, 56, 49, 61, 62, 59, 60, 49, 49, 59, 60, 59, 60, 49, 56, 49, 
51, 49, 61, 62, 59, 60, 49, 49, 49, 56, 49, 49, 49, 59, 60, 59, 
60, 49, 49, 49, 56, 49, 59, 60, 61, 62, 59, 60, 59, 60, 59, 60, 
60, 61, 62, 49, 56, 49, 61, 62, 59, 60, 49, 49, 49, 61, 62, 59, 
60, 49, 56, 49, 59, 60, 59, 60, 55, 49, 49, 61, 62, 59, 60, 49, 
56, 49, 61, 62, 59, 60, 49, 49,
49, 56, 49, 49, 49, 49, 49, 49, 49, 51, 49, 56, 49, 49, 49, 49, 
51, 49, 50, 49, 50, 49, 56, 51, 49, 49, 49, 49, 49, 50, 49, 49, 
49, 56, 49, 49, 49, 49, 49, 49, 49, 49, 49, 49, 50, 49, 56, 49, 
49, 49, 49, 49, 49, 49, 49, 49, 49, 56, 54, 55, 49, 49, 49, 49, 
49, 49, 51, 49, 56, 49, 49, 49, 49, 49, 50, 49, 49, 49, 49, 49, 
49, 49, 49, 49, 56, 50, 49, 49, 49, 49, 54, 55, 49, 49, 49, 49, 
49, 49, 56, 49, 51, 49, 49, 52, 53, 49, 49, 49, 49, 49, 49, 49, 
56, 50, 49, 49, 49, 49, 49, 49,
49, 56, 49, 49, 54, 55, 50, 49, 49, 49, 49, 56, 49, 49, 50, 49, 
49, 49, 49, 49, 49, 49, 56, 49, 49, 49, 50, 49, 49, 49, 49, 54, 
55, 56, 49, 49, 50, 49, 50, 49, 49, 49, 49, 49, 49, 49, 56, 49, 
49, 49, 49, 49, 54, 55, 49, 49, 49, 56, 52, 53, 49, 49, 49, 50, 
49, 49, 49, 49, 56, 49, 49, 49, 49, 49, 49, 49, 49, 49, 49, 49, 
49, 49, 50, 49, 56, 49, 49, 49, 49, 49, 52, 53, 49, 49, 49, 49, 
51, 49, 56, 49, 49, 49, 49, 49, 49, 49, 49, 49, 49, 49, 49, 49, 
56, 49, 49, 49, 49, 49, 49, 54,
49, 56, 49, 49, 52, 53, 49, 49, 49, 50, 49, 56, 49, 49, 49, 50, 
49, 49, 49, 51, 49, 49, 56, 49, 49, 49, 49, 49, 49, 49, 49, 52, 
53, 56, 49, 49, 49, 49, 49, 49, 49, 49, 49, 50, 49, 49, 56, 49, 
49, 49, 49, 49, 52, 53, 49, 49, 49, 56, 49, 49, 49, 49, 49, 49, 
49, 50, 49, 49, 56, 49, 49, 50, 49, 49, 49, 49, 51, 49, 49, 50, 
49, 49, 49, 49, 56, 49, 49, 49, 49, 49, 49, 49, 49, 49, 49, 49, 
49, 49, 56, 49, 49, 49, 49, 49, 49, 49, 49, 49, 49, 50, 49, 49, 
56, 49, 49, 49, 50, 49, 49, 52,
57, 58, 57, 57, 57, 57, 57, 57, 57, 57, 57, 58, 57, 57, 57, 57, 
57, 57, 57, 57, 57, 57, 58, 57, 57, 57, 57, 57, 57, 57, 57, 57, 
57, 58, 57, 57, 57, 57, 57, 57, 57, 57, 57, 57, 57, 57, 58, 57, 
57, 57, 57, 57, 57, 57, 57, 57, 57, 58, 57, 57, 57, 57, 57, 57, 
57, 57, 57, 57, 58, 57, 57, 57, 57, 57, 57, 57, 57, 57, 57, 57, 
57, 57, 57, 57, 58, 57, 57, 57, 57, 57, 57, 57, 57, 57, 57, 57, 
57, 57, 58, 57, 57, 57, 57, 57, 57, 57, 57, 57, 57, 57, 57, 57, 
58, 57, 57, 57, 57, 57, 57, 57,
49, 56, 49, 49, 49, 49, 49, 49, 49, 49, 49, 56, 49, 49, 49, 49, 
49, 49, 49, 49, 49, 49, 56, 49, 49, 49, 49, 50, 49, 49, 49, 49, 
49, 56, 49, 49, 49, 49, 49, 50, 49, 49, 49, 49, 49, 49, 56, 49, 
49, 49, 49, 49, 49, 49, 49, 49, 49, 56, 49, 49, 49, 49, 49, 49, 
49, 49, 49, 49, 56, 49, 49, 49, 49, 49, 49, 49, 49, 49, 49, 49, 
49, 49, 49, 49, 56, 49, 49, 49, 49, 49, 49, 49, 49, 49, 49, 49, 
49, 49, 56, 49, 49, 49, 49, 49, 49, 49, 49, 49, 49, 49, 54, 55, 
56, 49, 49, 49, 49, 49, 51, 49,
49, 56, 49, 49, 61, 62, 59, 60, 49, 49, 50, 56, 49, 59, 60, 61, 
62, 61, 62, 59, 60, 49, 56, 49, 61, 62, 59, 60, 59, 60, 61, 62, 
49, 56, 49, 59, 60, 61, 62, 49, 49, 61, 62, 59, 60, 49, 56, 51, 
49, 49, 61, 62, 59, 60, 49, 49, 49, 56, 49, 49, 49, 61, 62, 59, 
60, 49, 49, 50, 56, 49, 61, 62, 59, 60, 59, 60, 59, 60, 61, 62, 
60, 59, 60, 49, 56, 49, 61, 62, 61, 62, 49, 49, 51, 59, 60, 59, 
60, 49, 56, 49, 61, 62, 59, 60, 49, 51, 49, 59, 60, 59, 60, 53, 
56, 49, 59, 60, 61, 62, 49, 49,
49, 56, 49, 49, 59, 60, 61, 62, 49, 49, 49, 56, 49, 59, 60, 59, 
60, 59, 60, 61, 62, 49, 56, 50, 59, 60, 61, 62, 59, 60, 59, 60, 
49, 56, 49, 59, 60, 59, 60, 49, 49, 59, 60, 61, 62, 49, 56, 49, 
49, 49, 59, 60, 61, 62, 49, 49, 49, 56, 49, 49, 49, 59, 60, 61, 
62, 49, 49, 49, 56, 49, 59, 60, 61, 62, 59, 60, 59, 60, 59, 60, 
60, 59, 60, 49, 56, 49, 59, 60, 59, 60, 49, 49, 49, 61, 62, 59, 
60, 49, 56, 49, 59, 60, 59, 60, 49, 49, 49, 61, 62, 61, 62, 49, 
56, 49, 61, 62, 59, 60, 49, 49,
49, 56, 49, 49, 59, 60, 59, 60, 49, 50, 49, 56, 49, 61, 62, 59, 
60, 59, 60, 59, 60, 49, 56, 49, 61, 62, 59, 60, 61, 62, 59, 60, 
49, 56, 49, 61, 62, 59, 60, 49, 49, 61, 62, 59, 60, 49, 56, 49, 
50, 49, 59, 60, 59, 60, 49, 50, 49, 56, 49, 49, 49, 61, 62, 59, 
60, 54, 55, 49, 56, 49, 59, 60, 59, 60, 59, 60, 61, 62, 61, 62, 
62, 61, 62, 49, 56, 49, 59, 60, 59, 60, 49, 50, 49, 59, 60, 61, 
62, 49, 56, 49, 59, 60, 61, 62, 49, 49, 49, 59, 60, 59, 60, 49, 
56, 49, 59, 60, 61, 62, 49, 49,
49, 56, 49, 49, 49, 49, 49, 49, 49, 49, 49, 56, 49, 49, 50, 49, 
49, 49, 49, 49, 49, 49, 56, 49, 49, 49, 49, 49, 49, 49, 49, 49, 
50, 56, 49, 50, 49, 49, 50, 49, 49, 49, 49, 49, 49, 49, 56, 49, 
49, 49, 49, 49, 49, 49, 49, 49, 49, 56, 49, 49, 54, 55, 49, 49, 
49, 52, 53, 49, 56, 49, 49, 49, 50, 52, 53, 49, 49, 49, 49, 49, 
49, 49, 49, 49, 56, 49, 63, 49, 50, 49, 49, 49, 49, 50, 50, 49, 
50, 49, 56, 49, 49, 49, 49, 49, 49, 54, 55, 49, 49, 50, 49, 49, 
56, 49, 49, 49, 49, 50, 49, 49,
49, 56, 49, 50, 49, 49, 50, 51, 49, 49, 49, 56, 49, 49, 49, 54, 
55, 49, 50, 49, 49, 49, 56, 49, 50, 49, 49, 49, 49, 49, 49, 49, 
49, 56, 50, 49, 50, 49, 49, 49, 49, 49, 51, 49, 50, 49, 56, 49, 
49, 49, 50, 49, 50, 49, 54, 55, 49, 56, 49, 49, 52, 53, 49, 50, 
49, 49, 49, 49, 56, 49, 49, 49, 49, 49, 50, 49, 49, 54, 55, 49, 
49, 50, 49, 49, 56, 49, 49, 49, 49, 49, 49, 49, 50, 49, 54, 55, 
49, 49, 56, 54, 55, 49, 49, 63, 49, 52, 53, 50, 50, 49, 49, 49, 
56, 54, 55, 49, 49, 49, 49, 50,
49, 56, 49, 49, 49, 49, 49, 49, 49, 49, 50, 56, 49, 49, 49, 52, 
53, 49, 49, 49, 49, 49, 56, 49, 49, 49, 49, 51, 49, 50, 49, 49, 
49, 56, 49, 49, 49, 50, 49, 49, 50, 49, 49, 49, 50, 49, 56, 49, 
49, 49, 49, 49, 50, 49, 52, 53, 49, 56, 49, 49, 49, 49, 49, 49, 
49, 49, 49, 50, 56, 49, 50, 49, 49, 49, 49, 49, 49, 52, 53, 49, 
49, 49, 49, 49, 56, 49, 49, 49, 49, 49, 49, 49, 49, 49, 52, 53, 
49, 49, 56, 52, 53, 49, 49, 49, 50, 49, 49, 49, 49, 49, 49, 49, 
56, 52, 53, 49, 49, 49, 49, 49,
57, 58, 57, 57, 57, 57, 57, 57, 57, 57, 57, 58, 57, 57, 57, 57, 
57, 57, 57, 57, 57, 57, 58, 57, 57, 57, 57, 57, 57, 57, 57, 57, 
57, 58, 57, 57, 57, 57, 57, 57, 57, 57, 57, 57, 57, 57, 58, 57, 
57, 57, 57, 57, 57, 57, 57, 57, 57, 58, 57, 57, 57, 57, 57, 57, 
57, 57, 57, 57, 58, 57, 57, 57, 57, 57, 57, 57, 57, 57, 57, 57, 
57, 57, 57, 57, 58, 57, 57, 57, 57, 57, 57, 57, 57, 57, 57, 57, 
57, 57, 58, 57, 57, 57, 57, 57, 57, 57, 57, 57, 57, 57, 57, 57, 
58, 57, 57, 57, 57, 57, 57, 57,
49, 56, 49, 49, 49, 49, 49, 49, 49, 49, 49, 56, 49, 49, 49, 49, 
49, 49, 49, 49, 49, 49, 56, 49, 49, 49, 49, 49, 49, 49, 49, 49, 
49, 56, 49, 49, 49, 49, 49, 50, 49, 49, 49, 49, 49, 49, 56, 49, 
49, 49, 49, 49, 49, 49, 49, 49, 49, 56, 49, 49, 49, 49, 49, 49, 
49, 49, 50, 49, 56, 50, 49, 49, 50, 49, 49, 49, 49, 49, 49, 49, 
49, 49, 49, 49, 56, 49, 49, 49, 49, 49, 54, 55, 49, 49, 49, 49, 
49, 49, 56, 49, 49, 49, 49, 54, 55, 49, 49, 49, 49, 49, 49, 49, 
56, 49, 49, 49, 49, 49, 49, 49,
49, 56, 49, 49, 59, 60, 59, 60, 49, 50, 49, 56, 49, 59, 60, 61, 
62, 59, 60, 61, 62, 49, 56, 49, 59, 60, 59, 60, 61, 62, 59, 60, 
49, 56, 49, 61, 62, 59, 60, 49, 50, 59, 60, 61, 62, 49, 56, 49, 
50, 49, 59, 60, 59, 60, 49, 49, 49, 56, 49, 49, 49, 59, 60, 61, 
62, 49, 49, 50, 56, 49, 61, 62, 59, 60, 59, 60, 59, 60, 61, 62, 
60, 59, 60, 49, 56, 49, 61, 62, 59, 60, 52, 53, 49, 59, 60, 59, 
60, 49, 56, 49, 61, 62, 59, 60, 53, 49, 49, 59, 60, 61, 62, 49, 
56, 49, 59, 60, 59, 60, 49, 49,
49, 56, 49, 49, 61, 62, 59, 60, 49, 49, 49, 56, 49, 59, 60, 59, 
60, 61, 62, 59, 60, 49, 56, 49, 59, 60, 61, 62, 59, 60, 61, 62, 
49, 56, 49, 59, 60, 61, 62, 49, 49, 59, 60, 59, 60, 49, 56, 49, 
49, 49, 61, 62, 59, 60, 49, 49, 49, 56, 49, 49, 49, 59, 60, 59, 
60, 49, 49, 49, 56, 49, 59, 60, 61, 62, 61, 62, 59, 60, 59, 60, 
60, 59, 60, 49, 56, 49, 61, 62, 59, 60, 49, 49, 50, 59, 60, 61, 
62, 49, 56, 49, 59, 60, 61, 62, 49, 49, 49, 59, 60, 61, 62, 49, 
56, 49, 59, 60, 61, 62, 49, 49,
49, 56, 49, 49, 59, 60, 61, 62, 49, 50, 49, 56, 49, 61, 62, 59, 
60, 59, 60, 59, 60, 49, 56, 49, 61, 62, 59, 60, 59, 60, 59, 60, 
49, 56, 49, 59, 60, 59, 60, 49, 49, 61, 62, 59, 60, 49, 56, 51, 
49, 50, 59, 60, 61, 62, 49, 54, 55, 56, 49, 50, 49, 61, 62, 59, 
60, 49, 54, 55, 56, 49, 59, 60, 59, 60, 61, 62, 59, 60, 61, 62, 
62, 59, 60, 49, 56, 49, 59, 60, 59, 60, 49, 49, 49, 61, 62, 59, 
60, 49, 56, 49, 59, 60, 59, 60, 49, 49, 51, 59, 60, 59, 60, 49, 
56, 49, 61, 62, 59, 60, 49, 49,
49, 56, 54, 55, 49, 49, 49, 49, 50, 49, 49, 56, 49, 49, 49, 49, 
49, 49, 49, 49, 49, 49, 56, 49, 49, 49, 49, 49, 50, 49, 49, 50, 
49, 56, 49, 50, 49, 49, 49, 54, 55, 49, 49, 50, 49, 50, 56, 49, 
49, 49, 49, 49, 49, 49, 50, 52, 53, 56, 49, 49, 49, 49, 49, 50, 
49, 49, 52, 53, 56, 49, 49, 49, 49, 49, 49, 49, 50, 49, 49, 49, 
49, 49, 49, 49, 56, 49, 49, 49, 49, 49, 49, 49, 49, 49, 49, 49, 
49, 49, 56, 49, 49, 49, 50, 49, 49, 49, 49, 49, 52, 53, 50, 50, 
56, 49, 49, 49, 49, 50, 49, 49,
49, 56, 52, 53, 49, 49, 50, 49, 50, 49, 49, 56, 49, 49, 51, 49, 
49, 49, 49, 49, 49, 49, 56, 49, 51, 49, 54, 55, 49, 49, 50, 50, 
49, 56, 49, 49, 49, 50, 49, 52, 53, 49, 49, 49, 49, 49, 56, 49, 
50, 49, 49, 49, 49, 49, 49, 49, 49, 56, 49, 49, 49, 51, 49, 49, 
49, 50, 49, 49, 56, 54, 55, 49, 49, 49, 51, 49, 49, 49, 49, 50, 
49, 49, 49, 49, 56, 49, 50, 49, 49, 50, 49, 49, 49, 49, 50, 49, 
49, 49, 56, 49, 50, 49, 50, 49, 49, 50, 49, 49, 49, 50, 50, 50, 
56, 49, 49, 49, 49, 49, 49, 54,
49, 56, 49, 49, 49, 49, 49, 49, 49, 49, 49, 56, 49, 49, 49, 49, 
49, 49, 49, 49, 49, 49, 56, 49, 49, 49, 52, 53, 49, 49, 49, 49, 
49, 56, 49, 50, 50, 49, 49, 49, 49, 49, 49, 50, 50, 50, 56, 49, 
49, 49, 49, 49, 51, 49, 49, 49, 49, 56, 49, 49, 49, 49, 49, 49, 
49, 49, 49, 49, 56, 52, 53, 49, 49, 49, 49, 49, 49, 50, 49, 49, 
49, 49, 50, 49, 56, 51, 49, 49, 49, 49, 49, 49, 49, 49, 49, 49, 
49, 49, 56, 49, 49, 49, 49, 50, 49, 49, 49, 49, 49, 50, 50, 50, 
56, 50, 49, 49, 49, 49, 49, 52,
57, 58, 57, 57, 57, 57, 57, 57, 57, 57, 57, 58, 57, 57, 57, 57, 
57, 57, 57, 57, 57, 57, 58, 57, 57, 57, 57, 57, 57, 57, 57, 57, 
57, 58, 57, 57, 57, 57, 57, 57, 57, 57, 57, 57, 57, 57, 58, 57, 
57, 57, 57, 57, 57, 57, 57, 57, 57, 58, 57, 57, 57, 57, 57, 57, 
57, 57, 57, 57, 58, 57, 57, 57, 57, 57, 57, 57, 57, 57, 57, 57, 
57, 57, 57, 57, 58, 57, 57, 57, 57, 57, 57, 57, 57, 57, 57, 57, 
57, 57, 58, 57, 57, 57, 57, 57, 57, 57, 57, 57, 57, 57, 57, 57, 
58, 57, 57, 57, 57, 57, 57, 57,
49, 56, 49, 49, 49, 50, 49, 49, 49, 49, 49, 56, 49, 49, 50, 49, 
49, 49, 49, 50, 49, 49, 56, 49, 49, 49, 49, 49, 49, 50, 49, 49, 
49, 56, 49, 49, 49, 49, 49, 49, 49, 49, 49, 49, 49, 49, 56, 49, 
49, 49, 49, 49, 49, 49, 49, 49, 49, 56, 49, 49, 49, 49, 49, 49, 
49, 49, 49, 49, 56, 49, 49, 49, 49, 49, 49, 49, 49, 49, 49, 49, 
49, 49, 49, 49, 56, 49, 49, 49, 49, 49, 49, 49, 49, 49, 49, 49, 
49, 49, 56, 49, 49, 49, 49, 49, 49, 49, 49, 49, 49, 49, 49, 49, 
56, 49, 49, 49, 49, 49, 50, 49,
49, 56, 49, 51, 50, 49, 49, 49, 49, 49, 49, 56, 49, 61, 62, 59, 
60, 61, 62, 59, 60, 49, 56, 49, 59, 60, 61, 62, 59, 60, 59, 60, 
49, 56, 49, 59, 60, 61, 62, 49, 49, 59, 60, 61, 62, 49, 56, 49, 
50, 49, 61, 62, 59, 60, 49, 49, 49, 56, 49, 49, 49, 59, 60, 61, 
62, 49, 49, 49, 56, 49, 59, 60, 59, 60, 59, 60, 61, 62, 59, 60, 
60, 59, 60, 49, 56, 49, 59, 60, 59, 60, 49, 49, 49, 61, 62, 59, 
60, 49, 56, 49, 61, 62, 59, 60, 54, 55, 49, 59, 60, 59, 60, 49, 
56, 49, 61, 62, 59, 60, 49, 49,
49, 56, 49, 49, 49, 49, 49, 54, 55, 49, 49, 56, 49, 59, 60, 61, 
62, 59, 60, 61, 62, 49, 56, 49, 59, 60, 59, 60, 61, 62, 59, 60, 
49, 56, 49, 61, 62, 59, 60, 50, 49, 59, 60, 59, 60, 49, 56, 49, 
49, 49, 59, 60, 61, 62, 49, 49, 51, 56, 49, 49, 49, 59, 60, 59, 
60, 49, 50, 49, 56, 49, 59, 60, 61, 62, 61, 62, 59, 60, 61, 62, 
62, 59, 60, 49, 56, 49, 59, 60, 59, 60, 49, 51, 49, 59, 60, 59, 
60, 49, 56, 49, 59, 60, 59, 60, 52, 53, 49, 61, 62, 59, 60, 49, 
56, 49, 59, 60, 61, 62, 49, 49,
49, 56, 49, 49, 49, 49, 49, 52, 53, 49, 49, 56, 50, 59, 60, 59, 
60, 61, 62, 59, 60, 49, 56, 49, 61, 62, 61, 62, 59, 60, 61, 62, 
49, 56, 49, 59, 60, 59, 60, 49, 49, 61, 62, 59, 60, 49, 56, 49, 
49, 49, 61, 62, 59, 60, 50, 49, 49, 56, 49, 49, 49, 61, 62, 59, 
60, 49, 49, 49, 56, 49, 59, 60, 61, 62, 59, 60, 59, 60, 59, 60, 
60, 59, 60, 49, 56, 49, 61, 62, 59, 60, 49, 49, 49, 59, 60, 59, 
60, 49, 56, 49, 61, 62, 59, 60, 49, 49, 49, 59, 60, 59, 60, 49, 
56, 49, 59, 60, 59, 60, 49, 49,
49, 56, 49, 49, 49, 51, 49, 49, 49, 49, 49, 56, 49, 49, 49, 49, 
49, 49, 49, 49, 49, 49, 56, 50, 49, 49, 49, 49, 49, 49, 49, 49, 
49, 56, 49, 49, 49, 49, 49, 50, 49, 50, 51, 49, 49, 49, 56, 49, 
49, 50, 49, 49, 49, 49, 49, 49, 49, 56, 49, 49, 49, 49, 49, 49, 
49, 49, 49, 49, 56, 50, 49, 49, 49, 49, 49, 49, 49, 49, 49, 49, 
49, 49, 49, 49, 56, 49, 49, 49, 49, 49, 50, 49, 49, 49, 49, 49, 
49, 49, 56, 49, 49, 49, 49, 49, 50, 49, 51, 49, 49, 49, 49, 49, 
56, 49, 50, 49, 49, 49, 63, 49,
49, 56, 50, 49, 49, 49, 49, 49, 50, 49, 49, 56, 49, 49, 49, 50, 
49, 49, 49, 51, 49, 49, 56, 49, 49, 54, 55, 49, 49, 50, 54, 55, 
49, 56, 49, 50, 49, 49, 49, 49, 50, 49, 49, 49, 50, 49, 56, 54, 
55, 49, 49, 50, 49, 49, 49, 50, 49, 56, 49, 54, 55, 49, 49, 49, 
49, 51, 49, 50, 56, 49, 50, 50, 49, 50, 49, 51, 49, 49, 49, 54, 
55, 49, 49, 49, 56, 49, 54, 55, 49, 49, 49, 49, 50, 63, 49, 49, 
50, 49, 56, 49, 54, 55, 49, 49, 49, 49, 50, 49, 50, 50, 54, 55, 
56, 49, 49, 49, 49, 51, 49, 49,
49, 56, 49, 49, 49, 49, 49, 49, 49, 49, 49, 56, 49, 49, 49, 49, 
49, 49, 49, 49, 49, 49, 56, 49, 49, 52, 53, 49, 49, 50, 52, 53, 
49, 56, 49, 49, 50, 50, 49, 49, 49, 49, 49, 50, 49, 49, 56, 52, 
53, 49, 49, 49, 49, 49, 49, 49, 49, 56, 49, 52, 53, 49, 49, 49, 
49, 49, 49, 49, 56, 49, 49, 49, 49, 49, 49, 49, 49, 49, 49, 52, 
53, 49, 49, 49, 56, 49, 52, 53, 49, 49, 49, 49, 49, 49, 49, 49, 
49, 49, 56, 49, 52, 53, 49, 49, 49, 49, 49, 49, 50, 49, 52, 53, 
56, 49, 49, 49, 49, 49, 49, 49,
57, 58, 57, 57, 57, 57, 57, 57, 57, 57, 57, 58, 57, 57, 57, 57, 
57, 57, 57, 57, 57, 57, 58, 57, 57, 57, 57, 57, 57, 57, 57, 57, 
57, 58, 57, 57, 57, 57, 57, 57, 57, 57, 57, 57, 57, 57, 58, 57, 
57, 57, 57, 57, 57, 57, 57, 57, 57, 58, 57, 57, 57, 57, 57, 57, 
57, 57, 57, 57, 58, 57, 57, 57, 57, 57, 57, 57, 57, 57, 57, 57, 
57, 57, 57, 57, 58, 57, 57, 57, 57, 57, 57, 57, 57, 57, 57, 57, 
57, 57, 58, 57, 57, 57, 57, 57, 57, 57, 57, 57, 57, 57, 57, 57, 
58, 57, 57, 57, 57, 57, 57, 57,
49, 56, 49, 49, 49, 49, 49, 49, 49, 49, 49, 56, 49, 49, 49, 50, 
49, 49, 50, 49, 49, 51, 56, 49, 49, 49, 49, 49, 49, 49, 49, 49, 
49, 56, 49, 49, 49, 49, 49, 49, 49, 49, 49, 49, 49, 49, 56, 49, 
49, 49, 49, 49, 49, 49, 49, 49, 49, 56, 49, 49, 49, 49, 49, 49, 
49, 49, 49, 49, 56, 49, 49, 49, 49, 49, 49, 49, 49, 49, 49, 49, 
49, 49, 49, 49, 56, 49, 49, 49, 49, 49, 49, 49, 49, 49, 49, 49, 
49, 49, 56, 49, 49, 49, 49, 49, 49, 49, 49, 49, 49, 49, 49, 49, 
56, 49, 49, 49, 49, 49, 49, 49,
49, 56, 49, 49, 50, 49, 54, 55, 49, 49, 49, 56, 49, 59, 60, 59, 
60, 61, 62, 61, 62, 49, 56, 49, 61, 62, 59, 60, 59, 60, 61, 62, 
49, 56, 49, 61, 62, 59, 60, 49, 50, 61, 62, 59, 60, 49, 56, 49, 
49, 49, 59, 60, 61, 62, 49, 54, 55, 56, 49, 49, 49, 61, 62, 59, 
60, 49, 49, 49, 56, 49, 61, 62, 59, 60, 59, 60, 61, 62, 59, 60, 
60, 61, 62, 49, 56, 49, 59, 60, 59, 60, 50, 49, 49, 59, 60, 59, 
60, 49, 56, 49, 59, 60, 59, 60, 49, 49, 54, 61, 62, 59, 60, 49, 
56, 49, 59, 60, 59, 60, 61, 62,
49, 56, 49, 49, 49, 49, 52, 53, 49, 49, 49, 56, 49, 61, 62, 61, 
62, 59, 60, 59, 60, 49, 56, 49, 59, 60, 59, 60, 61, 62, 59, 60, 
49, 56, 49, 59, 60, 61, 62, 50, 49, 59, 60, 61, 62, 49, 56, 49, 
50, 49, 59, 60, 59, 60, 49, 52, 53, 56, 49, 49, 49, 59, 60, 61, 
62, 49, 49, 49, 56, 49, 59, 60, 61, 62, 59, 60, 59, 60, 61, 62, 
62, 59, 60, 49, 56, 49, 59, 60, 61, 62, 49, 49, 49, 59, 60, 61, 
62, 49, 56, 49, 59, 60, 61, 62, 49, 49, 52, 59, 60, 61, 62, 49, 
56, 49, 59, 60, 61, 62, 61, 62,
49, 56, 49, 54, 55, 49, 50, 49, 49, 51, 49, 56, 49, 59, 60, 59, 
60, 59, 60, 59, 60, 49, 56, 49, 59, 60, 61, 62, 59, 60, 59, 60, 
49, 56, 49, 61, 62, 59, 60, 49, 49, 59, 60, 59, 60, 49, 56, 51, 
49, 49, 61, 62, 59, 60, 49, 49, 49, 56, 49, 49, 49, 59, 60, 59, 
60, 49, 49, 49, 56, 49, 59, 60, 59, 60, 59, 60, 61, 62, 59, 60, 
60, 59, 60, 49, 56, 49, 59, 60, 59, 60, 49, 49, 49, 61, 62, 59, 
60, 49, 56, 49, 61, 62, 59, 60, 49, 49, 49, 61, 62, 59, 60, 49, 
56, 49, 61, 62, 61, 62, 59, 60,
49, 56, 49, 52, 53, 49, 49, 50, 49, 49, 49, 56, 49, 49, 49, 49, 
49, 49, 49, 49, 49, 49, 56, 49, 49, 49, 49, 49, 49, 49, 49, 49, 
49, 56, 49, 49, 49, 49, 49, 49, 50, 49, 49, 50, 49, 49, 56, 49, 
50, 49, 49, 49, 49, 49, 49, 49, 49, 56, 49, 49, 50, 49, 49, 49, 
49, 54, 55, 49, 56, 49, 49, 49, 49, 49, 50, 49, 49, 49, 49, 49, 
49, 49, 49, 49, 56, 49, 50, 49, 49, 49, 49, 54, 55, 49, 49, 49, 
49, 49, 56, 54, 55, 49, 49, 49, 50, 49, 50, 49, 49, 49, 49, 49, 
56, 49, 49, 49, 50, 49, 49, 54,
49, 56, 49, 49, 49, 49, 51, 49, 49, 50, 49, 56, 50, 49, 49, 51, 
49, 49, 50, 49, 50, 49, 56, 49, 50, 49, 63, 49, 49, 49, 49, 49, 
49, 56, 54, 55, 49, 50, 49, 49, 49, 49, 49, 49, 49, 49, 56, 49, 
49, 49, 49, 49, 49, 49, 49, 49, 49, 56, 49, 51, 49, 49, 49, 50, 
49, 52, 53, 49, 56, 49, 49, 51, 49, 49, 49, 49, 50, 49, 49, 49, 
49, 49, 49, 50, 56, 49, 49, 49, 49, 49, 49, 52, 53, 49, 50, 49, 
49, 49, 56, 52, 53, 49, 49, 49, 50, 49, 50, 50, 49, 49, 54, 55, 
56, 49, 49, 51, 49, 49, 49, 52,
49, 56, 49, 49, 49, 49, 49, 49, 49, 49, 49, 56, 49, 49, 49, 49, 
50, 49, 49, 50, 49, 49, 56, 49, 49, 50, 50, 49, 49, 49, 49, 49, 
49, 56, 52, 53, 49, 49, 49, 50, 50, 50, 50, 49, 49, 49, 56, 49, 
49, 50, 49, 49, 49, 51, 49, 49, 49, 56, 49, 49, 49, 50, 49, 49, 
49, 49, 49, 49, 56, 49, 49, 49, 49, 50, 49, 49, 49, 49, 49, 49, 
49, 49, 49, 49, 56, 50, 49, 49, 49, 50, 49, 49, 49, 49, 49, 49, 
49, 51, 56, 49, 49, 49, 50, 49, 49, 49, 49, 50, 49, 49, 52, 53, 
56, 49, 49, 49, 49, 50, 49, 49,
57, 58, 57, 57, 57, 57, 57, 57, 57, 57, 57, 58, 57, 57, 57, 57, 
57, 57, 57, 57, 57, 57, 58, 57, 57, 57, 57, 57, 57, 57, 57, 57, 
57, 58, 57, 57, 57, 57, 57, 57, 57, 57, 57, 57, 57, 57, 58, 57, 
57, 57, 57, 57, 57, 57, 57, 57, 57, 58, 57, 57, 57, 57, 57, 57, 
57, 57, 57, 57, 58, 57, 57, 57, 57, 57, 57, 57, 57, 57, 57, 57, 
57, 57, 57, 57, 58, 57, 57, 57, 57, 57, 57, 57, 57, 57, 57, 57, 
57, 57, 58, 57, 57, 57, 57, 57, 57, 57, 57, 57, 57, 57, 57, 57, 
58, 57, 57, 57, 57, 57, 57, 57,
49, 56, 49, 49, 49, 49, 49, 50, 49, 49, 49, 56, 51, 49, 49, 49, 
49, 49, 49, 49, 49, 50, 56, 49, 49, 49, 49, 49, 49, 49, 49, 49, 
49, 56, 49, 49, 49, 49, 49, 49, 50, 49, 49, 49, 49, 63, 56, 49, 
49, 49, 49, 49, 49, 49, 49, 49, 49, 56, 49, 49, 49, 49, 49, 49, 
49, 49, 49, 49, 56, 49, 49, 49, 49, 49, 49, 49, 49, 49, 49, 49, 
49, 49, 49, 49, 56, 49, 49, 49, 49, 49, 51, 49, 50, 49, 49, 50, 
50, 49, 56, 49, 49, 49, 49, 49, 49, 49, 49, 49, 49, 49, 49, 49, 
56, 49, 49, 49, 49, 49, 49, 49,
49, 56, 49, 49, 49, 49, 49, 50, 49, 50, 49, 56, 49, 59, 60, 61, 
62, 59, 60, 61, 62, 49, 56, 49, 59, 60, 59, 60, 61, 62, 59, 60, 
49, 56, 49, 59, 60, 61, 62, 49, 49, 59, 60, 59, 60, 49, 56, 49, 
49, 49, 59, 60, 61, 62, 49, 49, 51, 56, 49, 51, 49, 59, 60, 59, 
60, 50, 49, 49, 56, 49, 61, 62, 59, 60, 59, 60, 59, 60, 59, 60, 
60, 61, 62, 49, 56, 49, 59, 60, 59, 60, 49, 50, 49, 61, 62, 59, 
60, 49, 56, 49, 61, 62, 59, 60, 49, 63, 49, 61, 62, 59, 60, 49, 
56, 49, 59, 60, 61, 62, 59, 60,
49, 56, 49, 49, 63, 49, 49, 49, 49, 49, 49, 56, 49, 61, 62, 59, 
60, 61, 62, 59, 60, 49, 56, 49, 61, 62, 59, 60, 59, 60, 61, 62, 
49, 56, 49, 59, 60, 59, 60, 49, 49, 61, 62, 59, 60, 49, 56, 49, 
50, 49, 59, 60, 59, 60, 49, 49, 49, 56, 49, 49, 49, 61, 62, 59, 
60, 49, 49, 50, 56, 49, 59, 60, 61, 62, 59, 60, 61, 62, 61, 62, 
62, 59, 60, 49, 56, 49, 61, 62, 59, 60, 50, 49, 50, 59, 60, 59, 
60, 50, 56, 49, 61, 62, 59, 60, 49, 49, 49, 59, 60, 59, 60, 49, 
56, 49, 61, 62, 59, 60, 59, 60,
49, 56, 49, 49, 49, 49, 49, 49, 49, 49, 49, 56, 49, 59, 60, 59, 
60, 59, 60, 59, 60, 49, 56, 49, 59, 60, 61, 62, 61, 62, 59, 60, 
49, 56, 49, 61, 62, 59, 60, 49, 49, 59, 60, 61, 62, 49, 56, 49, 
49, 49, 61, 62, 59, 60, 49, 49, 49, 56, 49, 49, 49, 59, 60, 61, 
62, 49, 49, 49, 56, 49, 59, 60, 59, 60, 59, 60, 61, 62, 59, 60, 
60, 59, 60, 49, 56, 49, 59, 60, 59, 60, 49, 50, 49, 59, 60, 59, 
60, 49, 56, 49, 59, 60, 61, 62, 49, 50, 54, 59, 60, 61, 62, 49, 
56, 49, 59, 60, 59, 60, 61, 62,
49, 56, 50, 49, 49, 54, 55, 49, 49, 51, 49, 56, 50, 49, 49, 49, 
50, 49, 49, 49, 49, 49, 56, 50, 49, 49, 49, 49, 49, 49, 49, 49, 
49, 56, 49, 49, 49, 50, 49, 54, 55, 49, 49, 49, 49, 49, 56, 49, 
54, 55, 49, 49, 49, 49, 50, 49, 49, 56, 49, 49, 49, 63, 49, 49, 
54, 55, 50, 49, 56, 50, 49, 49, 49, 50, 49, 49, 49, 49, 49, 49, 
49, 50, 49, 49, 56, 49, 54, 55, 49, 49, 49, 63, 49, 49, 49, 49, 
49, 49, 56, 49, 49, 49, 49, 49, 49, 49, 52, 53, 49, 49, 49, 49, 
56, 49, 49, 49, 49, 54, 55, 49,
49, 56, 49, 49, 49, 52, 53, 49, 49, 49, 49, 56, 49, 49, 49, 51, 
49, 49, 54, 55, 49, 49, 56, 49, 49, 49, 51, 49, 50, 50, 49, 49, 
49, 56, 50, 49, 49, 49, 49, 52, 53, 49, 49, 49, 49, 49, 56, 49, 
52, 53, 49, 49, 49, 49, 49, 49, 49, 56, 49, 49, 49, 49, 49, 49, 
52, 53, 49, 49, 56, 49, 49, 49, 49, 49, 49, 54, 55, 49, 51, 49, 
49, 49, 49, 49, 56, 49, 52, 53, 49, 49, 49, 49, 49, 49, 49, 54, 
55, 49, 56, 49, 54, 55, 49, 49, 50, 49, 49, 49, 49, 49, 49, 49, 
56, 54, 55, 51, 63, 52, 53, 49,
49, 56, 49, 49, 49, 49, 49, 49, 49, 49, 51, 56, 49, 50, 49, 49, 
49, 49, 52, 53, 49, 50, 56, 49, 49, 49, 49, 49, 49, 49, 49, 49, 
49, 56, 49, 49, 49, 49, 49, 49, 49, 49, 49, 50, 49, 49, 56, 49, 
49, 49, 49, 50, 49, 49, 49, 49, 50, 56, 49, 49, 49, 49, 49, 49, 
49, 49, 49, 49, 56, 49, 49, 50, 49, 49, 49, 52, 53, 49, 49, 49, 
49, 49, 49, 50, 56, 49, 49, 49, 49, 49, 49, 49, 49, 49, 49, 52, 
53, 49, 56, 49, 52, 53, 49, 49, 49, 49, 49, 49, 49, 49, 49, 49, 
56, 52, 53, 49, 49, 49, 49, 49,
57, 58, 57, 57, 57, 57, 57, 57, 57, 57, 57, 58, 57, 57, 57, 57, 
57, 57, 57, 57, 57, 57, 58, 57, 57, 57, 57, 57, 57, 57, 57, 57, 
57, 58, 57, 57, 57, 57, 57, 57, 57, 57, 57, 57, 57, 57, 58, 57, 
57, 57, 57, 57, 57, 57, 57, 57, 57, 58, 57, 57, 57, 57, 57, 57, 
57, 57, 57, 57, 58, 57, 57, 57, 57, 57, 57, 57, 57, 57, 57, 57, 
57, 57, 57, 57, 58, 57, 57, 57, 57, 57, 57, 57, 57, 57, 57, 57, 
57, 57, 58, 57, 57, 57, 57, 57, 57, 57, 57, 57, 57, 57, 57, 57, 
58, 57, 57, 57, 57, 57, 57, 57,
49, 56, 49, 50, 49, 49, 49, 49, 49, 63, 49, 56, 49, 49, 49, 49, 
50, 49, 49, 49, 49, 49, 56, 49, 49, 49, 50, 49, 49, 49, 49, 49, 
49, 56, 49, 49, 49, 49, 49, 49, 49, 49, 49, 50, 49, 49, 56, 49, 
49, 49, 49, 49, 49, 49, 50, 49, 49, 56, 49, 49, 49, 49, 49, 49, 
49, 49, 49, 49, 56, 49, 49, 49, 49, 49, 49, 49, 49, 49, 49, 49, 
49, 49, 49, 49, 56, 49, 49, 49, 49, 49, 49, 49, 49, 49, 49, 49, 
49, 49, 56, 49, 49, 49, 49, 49, 49, 50, 49, 49, 49, 49, 49, 49, 
56, 49, 49, 49, 49, 49, 49, 49,
49, 56, 49, 49, 49, 50, 49, 49, 49, 49, 49, 56, 49, 49, 49, 49, 
49, 49, 49, 49, 49, 49, 56, 49, 49, 49, 49, 49, 49, 63, 49, 49, 
49, 56, 49, 49, 49, 50, 49, 49, 49, 49, 49, 49, 49, 49, 56, 49, 
49, 49, 49, 54, 55, 49, 49, 49, 49, 56, 49, 49, 49, 59, 60, 61, 
62, 49, 49, 49, 56, 49, 49, 49, 49, 49, 49, 63, 49, 49, 49, 49, 
49, 49, 49, 49, 56, 49, 49, 49, 49, 49, 49, 49, 51, 49, 49, 49, 
49, 49, 56, 54, 55, 49, 49, 49, 49, 49, 49, 49, 54, 55, 49, 49, 
56, 49, 49, 49, 49, 54, 55, 49
};

const short map1[9360] = {
9, 9, 9, 9, 9, 12, 9, 9, 9, 9, 12, 9, 9, 9, 9, 9, 
9, 43, 9, 9, 9, 9, 9, 9, 12, 9, 9, 9, 12, 9, 9, 9, 
9, 9, 9, 12, 9, 9, 9, 9, 9, 9, 9, 9, 9, 9, 9, 12, 
9, 9, 9, 12, 9, 9, 9, 9, 9, 9, 9, 9, 9, 9, 12, 9, 
9, 9, 9, 12, 9, 9, 9, 9, 9, 9, 9, 9, 12, 9, 9, 9, 
9, 9, 9, 9, 9, 9, 9, 9, 9, 9, 9, 9, 9, 9, 9, 9, 
9, 9, 9, 9, 9, 9, 13, 9, 9, 9, 9, 12, 9, 9, 9, 9, 
9, 13, 9, 9, 9, 9, 12, 9,
10, 0, 0, 0, 0, 0, 0, 0, 0, 0, 37, 0, 0, 0, 0, 0, 
0, 0, 0, 0, 0, 40, 37, 0, 0, 11, 0, 40, 37, 0, 0, 0, 
0, 0, 0, 11, 5, 37, 5, 8, 10, 40, 0, 0, 0, 37, 0, 37, 
0, 0, 0, 0, 0, 40, 37, 0, 0, 0, 0, 0, 0, 0, 0, 0, 
0, 0, 0, 0, 0, 0, 0, 0, 0, 0, 0, 0, 37, 0, 0, 8, 
10, 0, 0, 0, 6, 0, 0, 37, 0, 0, 0, 6, 0, 6, 0, 0, 
37, 0, 0, 0, 0, 0, 0, 11, 0, 0, 39, 40, 0, 39, 0, 0, 
39, 0, 40, 39, 0, 0, 0, 8,
10, 37, 37, 0, 0, 0, 0, 0, 0, 0, 37, 0, 0, 0, 0, 0, 
0, 0, 0, 0, 0, 0, 37, 0, 0, 11, 0, 0, 37, 0, 0, 0, 
0, 0, 0, 11, 5, 37, 5, 8, 10, 0, 0, 0, 0, 37, 0, 37, 
0, 0, 0, 0, 0, 0, 37, 0, 0, 0, 0, 0, 0, 0, 0, 0, 
0, 0, 0, 0, 0, 0, 0, 0, 0, 0, 0, 0, 37, 0, 0, 8, 
10, 0, 0, 0, 6, 0, 0, 37, 0, 0, 0, 6, 0, 6, 0, 0, 
37, 0, 0, 0, 0, 0, 0, 11, 0, 0, 0, 0, 0, 0, 0, 0, 
0, 0, 0, 0, 0, 0, 0, 8,
10, 0, 37, 0, 0, 0, 0, 0, 0, 0, 37, 0, 0, 0, 0, 0, 
0, 0, 0, 0, 0, 0, 37, 0, 0, 11, 0, 0, 37, 0, 11, 0, 
0, 0, 0, 11, 5, 37, 1, 8, 10, 3, 3, 2, 4, 37, 0, 37, 
0, 20, 20, 0, 0, 0, 36, 0, 0, 0, 0, 8, 10, 3, 4, 3, 
3, 3, 3, 3, 3, 3, 4, 3, 1, 0, 0, 0, 36, 0, 0, 8, 
10, 0, 0, 0, 7, 0, 0, 37, 0, 0, 0, 7, 0, 6, 0, 0, 
37, 0, 0, 0, 0, 0, 0, 11, 0, 0, 0, 0, 0, 26, 0, 0, 
0, 0, 0, 0, 0, 0, 0, 8,
10, 0, 37, 0, 0, 0, 0, 0, 0, 0, 37, 0, 0, 0, 0, 0, 
0, 14, 3, 8, 10, 0, 36, 0, 0, 0, 0, 0, 36, 0, 11, 0, 
0, 0, 0, 11, 5, 36, 5, 8, 10, 0, 0, 5, 0, 37, 0, 37, 
20, 5, 5, 0, 0, 0, 0, 0, 0, 0, 0, 8, 10, 0, 0, 0, 
0, 0, 0, 0, 0, 0, 0, 0, 6, 0, 0, 0, 0, 0, 0, 8, 
10, 0, 0, 0, 14, 15, 0, 37, 0, 0, 14, 15, 0, 6, 0, 0, 
37, 0, 0, 0, 0, 0, 0, 11, 0, 0, 0, 0, 26, 27, 26, 27, 
0, 41, 0, 0, 0, 0, 0, 8,
10, 0, 37, 0, 0, 0, 0, 0, 0, 0, 36, 0, 0, 0, 0, 0, 
0, 0, 0, 8, 10, 0, 0, 0, 0, 0, 0, 0, 0, 0, 11, 0, 
0, 0, 0, 11, 5, 0, 5, 8, 10, 0, 0, 5, 0, 37, 0, 36, 
5, 5, 6, 0, 0, 0, 0, 0, 1, 15, 0, 8, 10, 0, 0, 0, 
0, 0, 0, 0, 0, 0, 0, 0, 7, 0, 0, 0, 0, 0, 0, 8, 
10, 0, 0, 0, 0, 0, 0, 36, 0, 0, 0, 0, 0, 6, 0, 0, 
37, 0, 0, 0, 0, 0, 0, 8, 12, 9, 13, 9, 9, 12, 13, 9, 
12, 10, 0, 0, 0, 0, 0, 8,
10, 0, 36, 0, 0, 14, 2, 15, 0, 0, 0, 0, 0, 0, 0, 0, 
0, 0, 0, 8, 10, 0, 0, 0, 0, 11, 0, 0, 0, 0, 11, 26, 
0, 0, 0, 11, 2, 0, 5, 8, 10, 15, 0, 6, 0, 37, 0, 0, 
6, 5, 5, 0, 0, 0, 0, 0, 5, 0, 0, 8, 10, 0, 0, 0, 
0, 0, 1, 4, 3, 3, 3, 3, 4, 3, 3, 3, 2, 3, 3, 8, 
10, 15, 0, 0, 0, 0, 0, 0, 0, 0, 0, 0, 0, 7, 0, 0, 
36, 0, 0, 0, 0, 0, 0, 16, 43, 18, 17, 44, 17, 18, 45, 17, 
17, 19, 0, 0, 0, 0, 0, 8,
10, 0, 0, 0, 0, 0, 5, 0, 0, 0, 0, 0, 14, 1, 15, 0, 
0, 0, 0, 8, 10, 0, 0, 0, 0, 11, 0, 0, 0, 0, 11, 27, 
0, 0, 0, 11, 5, 0, 5, 8, 10, 0, 0, 5, 0, 36, 0, 0, 
5, 5, 5, 0, 21, 21, 0, 0, 5, 0, 0, 8, 10, 0, 0, 0, 
0, 0, 5, 0, 0, 0, 0, 0, 0, 0, 0, 0, 5, 0, 0, 8, 
10, 0, 0, 0, 0, 0, 0, 0, 0, 0, 0, 0, 14, 15, 0, 0, 
0, 0, 0, 0, 0, 0, 0, 0, 0, 0, 0, 0, 0, 0, 0, 0, 
0, 0, 0, 0, 0, 0, 28, 8,
10, 26, 0, 0, 0, 0, 6, 0, 0, 0, 0, 0, 0, 5, 0, 0, 
0, 0, 0, 8, 10, 22, 22, 22, 22, 11, 22, 22, 22, 22, 11, 27, 
0, 0, 0, 11, 5, 0, 5, 8, 10, 0, 0, 5, 0, 0, 0, 0, 
5, 6, 5, 0, 5, 6, 0, 0, 6, 0, 0, 8, 10, 0, 0, 28, 
0, 0, 7, 0, 0, 0, 0, 0, 0, 0, 0, 0, 6, 0, 0, 8, 
10, 0, 0, 0, 0, 0, 0, 0, 0, 0, 0, 0, 0, 0, 0, 0, 
0, 0, 0, 0, 0, 0, 0, 0, 0, 0, 0, 0, 0, 0, 0, 0, 
0, 0, 0, 0, 0, 32, 33, 8,
10, 26, 26, 0, 0, 0, 5, 0, 0, 0, 0, 0, 0, 5, 0, 0, 
0, 0, 0, 8, 12, 9, 9, 9, 9, 9, 12, 9, 9, 9, 12, 9, 
10, 0, 0, 11, 5, 0, 1, 8, 10, 15, 0, 6, 0, 0, 0, 0, 
5, 5, 5, 0, 6, 5, 0, 0, 5, 0, 0, 8, 10, 3, 3, 3, 
3, 4, 3, 3, 3, 3, 1, 0, 0, 0, 0, 0, 5, 0, 0, 8, 
10, 15, 0, 0, 0, 0, 0, 0, 0, 0, 0, 0, 0, 0, 0, 0, 
0, 1, 0, 0, 0, 0, 0, 0, 0, 0, 0, 0, 0, 0, 0, 0, 
0, 0, 0, 0, 0, 34, 35, 8,
10, 26, 27, 26, 0, 0, 5, 0, 0, 0, 0, 0, 0, 6, 0, 0, 
0, 32, 33, 8, 10, 0, 0, 0, 0, 0, 0, 0, 0, 0, 0, 0, 
0, 0, 0, 39, 5, 0, 5, 8, 10, 0, 0, 5, 0, 0, 0, 0, 
5, 5, 6, 0, 5, 5, 0, 0, 5, 0, 0, 8, 10, 26, 0, 0, 
0, 0, 0, 0, 0, 0, 5, 0, 0, 0, 0, 0, 5, 0, 0, 8, 
10, 0, 0, 0, 0, 0, 0, 0, 0, 0, 0, 0, 0, 0, 0, 0, 
0, 7, 0, 0, 0, 0, 0, 20, 20, 20, 20, 20, 20, 20, 20, 20, 
20, 20, 1, 3, 4, 3, 4, 8,
10, 27, 26, 26, 0, 0, 7, 0, 0, 27, 0, 0, 0, 7, 0, 0, 
0, 34, 35, 8, 10, 0, 0, 0, 0, 0, 0, 0, 0, 0, 0, 0, 
0, 0, 0, 0, 7, 0, 7, 8, 10, 0, 0, 7, 0, 0, 0, 0, 
7, 7, 7, 22, 7, 7, 0, 0, 7, 0, 22, 8, 10, 26, 26, 0, 
27, 0, 0, 0, 0, 0, 7, 0, 0, 0, 28, 0, 7, 0, 0, 8, 
10, 0, 0, 0, 22, 22, 22, 22, 22, 22, 22, 22, 22, 22, 22, 22, 
22, 8, 10, 22, 22, 22, 22, 7, 7, 7, 7, 7, 7, 7, 7, 7, 
7, 7, 7, 0, 0, 0, 0, 8,
9, 9, 9, 9, 9, 9, 9, 9, 9, 9, 9, 9, 9, 9, 9, 9, 
9, 9, 9, 9, 9, 10, 0, 0, 0, 0, 0, 8, 9, 12, 9, 9, 
9, 9, 9, 9, 9, 9, 12, 9, 10, 0, 0, 8, 9, 12, 9, 9, 
9, 9, 9, 12, 9, 9, 9, 9, 9, 12, 9, 9, 9, 9, 9, 9, 
9, 9, 9, 9, 9, 9, 9, 9, 9, 9, 9, 9, 10, 0, 0, 8, 
10, 0, 0, 8, 9, 12, 9, 13, 9, 9, 9, 9, 12, 9, 9, 13, 
9, 9, 12, 9, 9, 9, 12, 9, 9, 9, 9, 12, 9, 9, 9, 9, 
9, 12, 9, 9, 9, 12, 9, 12,
9, 12, 9, 9, 12, 9, 9, 9, 12, 9, 9, 9, 9, 9, 9, 9, 
12, 9, 9, 9, 9, 10, 0, 0, 0, 0, 0, 8, 9, 9, 9, 12, 
9, 9, 9, 12, 9, 9, 9, 9, 10, 0, 0, 8, 9, 9, 9, 12, 
12, 9, 9, 9, 9, 9, 9, 12, 9, 9, 9, 9, 10, 23, 23, 23, 
23, 23, 23, 23, 23, 23, 23, 23, 23, 23, 23, 23, 11, 0, 0, 8, 
10, 0, 0, 8, 9, 9, 9, 9, 13, 9, 9, 12, 9, 9, 12, 9, 
13, 9, 9, 9, 9, 9, 9, 12, 9, 9, 9, 9, 9, 12, 9, 9, 
12, 9, 9, 9, 9, 9, 12, 9,
10, 40, 0, 37, 0, 0, 0, 0, 37, 0, 0, 0, 40, 37, 0, 0, 
0, 0, 37, 40, 0, 0, 0, 0, 0, 0, 0, 0, 0, 0, 37, 0, 
0, 0, 0, 0, 0, 37, 0, 0, 0, 0, 0, 16, 44, 44, 17, 18, 
17, 17, 17, 45, 44, 44, 17, 17, 18, 17, 17, 8, 10, 0, 0, 0, 
0, 0, 0, 0, 0, 0, 0, 0, 0, 0, 0, 0, 39, 0, 0, 8, 
10, 0, 0, 16, 18, 44, 17, 17, 44, 17, 18, 17, 17, 45, 45, 45, 
17, 18, 17, 8, 10, 0, 40, 0, 0, 0, 0, 0, 0, 0, 0, 0, 
32, 33, 32, 33, 32, 33, 8, 12,
10, 0, 0, 37, 0, 0, 0, 0, 37, 0, 0, 0, 0, 37, 0, 0, 
0, 0, 37, 0, 0, 0, 0, 0, 0, 0, 0, 0, 0, 0, 37, 0, 
0, 0, 0, 0, 0, 37, 0, 0, 0, 0, 0, 0, 0, 0, 39, 0, 
40, 0, 39, 0, 0, 0, 39, 0, 0, 0, 0, 8, 10, 0, 0, 0, 
0, 0, 0, 0, 0, 0, 0, 0, 0, 0, 0, 0, 0, 0, 27, 8, 
10, 0, 0, 0, 0, 0, 0, 40, 0, 0, 0, 0, 0, 0, 0, 0, 
40, 0, 0, 8, 10, 0, 0, 0, 0, 0, 0, 0, 0, 0, 0, 0, 
34, 44, 34, 35, 44, 35, 8, 9,
10, 0, 0, 37, 0, 0, 0, 0, 37, 0, 0, 0, 0, 37, 0, 0, 
0, 0, 37, 0, 0, 0, 0, 0, 0, 0, 0, 0, 0, 0, 37, 0, 
0, 28, 0, 0, 0, 37, 0, 0, 0, 28, 0, 0, 0, 0, 0, 0, 
0, 0, 0, 0, 0, 0, 0, 0, 0, 0, 0, 8, 10, 0, 0, 0, 
0, 0, 0, 0, 0, 0, 0, 0, 0, 0, 0, 0, 0, 0, 26, 8, 
10, 15, 0, 0, 0, 0, 0, 0, 0, 0, 0, 0, 0, 0, 0, 0, 
41, 0, 0, 8, 10, 0, 0, 0, 0, 0, 0, 0, 0, 0, 0, 0, 
0, 0, 40, 0, 0, 0, 16, 8,
10, 0, 0, 36, 0, 0, 0, 0, 36, 0, 0, 0, 0, 37, 0, 0, 
0, 0, 36, 0, 0, 0, 0, 0, 0, 0, 0, 0, 0, 0, 37, 0, 
0, 28, 0, 0, 0, 36, 0, 0, 0, 28, 0, 0, 0, 0, 0, 0, 
0, 0, 0, 0, 0, 0, 0, 0, 0, 0, 0, 8, 10, 0, 0, 0, 
0, 0, 0, 0, 0, 0, 0, 0, 0, 0, 0, 0, 0, 26, 26, 8, 
10, 0, 0, 0, 0, 0, 0, 0, 0, 0, 0, 0, 0, 0, 0, 0, 
0, 0, 0, 8, 10, 0, 0, 0, 0, 0, 0, 25, 11, 24, 0, 0, 
0, 0, 0, 0, 0, 0, 0, 8,
10, 0, 0, 0, 0, 0, 0, 0, 0, 0, 0, 0, 0, 36, 0, 0, 
0, 0, 0, 0, 0, 0, 14, 4, 2, 3, 3, 4, 15, 0, 37, 0, 
14, 2, 0, 0, 0, 0, 0, 0, 0, 11, 20, 20, 20, 20, 20, 20, 
20, 20, 20, 20, 20, 20, 20, 20, 0, 0, 0, 8, 10, 0, 0, 0, 
8, 9, 9, 9, 12, 9, 9, 9, 12, 9, 13, 9, 9, 9, 12, 9, 
10, 22, 22, 1, 20, 20, 20, 20, 1, 3, 3, 3, 2, 21, 21, 21, 
21, 0, 0, 16, 19, 0, 0, 0, 0, 0, 0, 25, 11, 24, 0, 0, 
0, 0, 0, 0, 0, 0, 0, 8,
10, 0, 0, 0, 0, 0, 1, 0, 0, 0, 0, 0, 0, 0, 0, 2, 
4, 0, 0, 0, 0, 0, 0, 0, 5, 0, 0, 0, 0, 0, 36, 0, 
0, 5, 0, 0, 0, 0, 0, 0, 0, 16, 45, 18, 17, 17, 44, 17, 
18, 17, 43, 17, 18, 17, 45, 19, 0, 0, 29, 8, 10, 0, 0, 0, 
16, 44, 17, 17, 17, 45, 17, 17, 17, 44, 19, 0, 40, 37, 40, 8, 
9, 9, 10, 7, 7, 7, 7, 7, 7, 0, 26, 26, 7, 7, 7, 7, 
7, 0, 0, 0, 0, 0, 14, 8, 21, 21, 21, 8, 9, 10, 20, 20, 
1, 2, 1, 2, 1, 0, 0, 8,
10, 0, 0, 0, 0, 0, 6, 0, 0, 0, 0, 0, 0, 0, 0, 5, 
0, 0, 0, 0, 0, 0, 0, 0, 6, 0, 0, 0, 0, 0, 0, 0, 
0, 6, 0, 0, 0, 0, 0, 0, 0, 40, 0, 0, 0, 40, 0, 0, 
0, 0, 0, 40, 0, 0, 0, 0, 0, 0, 0, 8, 10, 32, 33, 0, 
40, 0, 0, 39, 0, 0, 40, 39, 0, 0, 0, 0, 0, 37, 0, 8, 
10, 14, 3, 3, 3, 1, 3, 4, 3, 3, 3, 3, 3, 4, 2, 3, 
15, 0, 0, 0, 0, 0, 0, 8, 19, 3, 3, 3, 3, 3, 3, 3, 
3, 3, 3, 3, 15, 0, 0, 8,
10, 0, 0, 0, 0, 0, 5, 0, 0, 0, 0, 0, 0, 0, 0, 5, 
0, 0, 0, 0, 0, 0, 0, 0, 5, 0, 0, 0, 0, 0, 0, 0, 
0, 5, 0, 0, 0, 0, 0, 0, 0, 0, 0, 0, 0, 0, 0, 0, 
0, 0, 0, 0, 0, 0, 0, 0, 0, 0, 0, 8, 10, 34, 35, 0, 
0, 0, 0, 0, 0, 0, 0, 0, 0, 0, 0, 0, 0, 36, 0, 8, 
10, 0, 0, 0, 0, 5, 0, 0, 0, 0, 0, 0, 0, 0, 5, 0, 
0, 0, 0, 0, 0, 0, 0, 8, 10, 0, 0, 0, 0, 0, 0, 0, 
0, 0, 0, 0, 0, 0, 0, 8,
10, 0, 0, 0, 0, 0, 5, 0, 0, 0, 0, 0, 0, 26, 0, 6, 
0, 0, 0, 0, 0, 0, 0, 0, 5, 0, 0, 0, 0, 0, 0, 0, 
3, 2, 4, 3, 4, 1, 4, 0, 0, 0, 0, 0, 0, 0, 0, 0, 
0, 0, 0, 0, 0, 0, 0, 0, 0, 0, 28, 8, 10, 32, 33, 1, 
0, 0, 0, 0, 0, 0, 0, 0, 0, 0, 0, 0, 0, 0, 0, 8, 
10, 0, 0, 0, 0, 6, 0, 0, 0, 0, 0, 0, 0, 0, 6, 0, 
0, 0, 0, 0, 0, 0, 14, 8, 10, 0, 0, 0, 0, 0, 0, 0, 
0, 1, 0, 0, 0, 0, 0, 8,
10, 0, 0, 0, 0, 0, 5, 0, 0, 0, 0, 0, 26, 26, 27, 5, 
0, 0, 0, 0, 0, 0, 0, 0, 5, 0, 0, 0, 0, 0, 0, 0, 
0, 5, 0, 0, 0, 6, 0, 0, 0, 21, 21, 21, 21, 21, 21, 21, 
21, 21, 21, 21, 21, 21, 21, 21, 21, 21, 2, 8, 10, 34, 35, 6, 
21, 21, 21, 21, 21, 21, 21, 21, 21, 21, 21, 21, 0, 0, 0, 8, 
10, 0, 26, 0, 0, 5, 0, 0, 0, 0, 42, 0, 0, 0, 5, 0, 
0, 0, 0, 0, 0, 0, 0, 8, 10, 0, 0, 0, 0, 0, 0, 0, 
0, 6, 0, 0, 0, 0, 0, 8,
10, 27, 0, 0, 0, 0, 7, 0, 0, 0, 26, 27, 26, 26, 26, 26, 
26, 0, 27, 0, 0, 0, 0, 0, 7, 0, 0, 0, 22, 22, 22, 22, 
0, 6, 0, 0, 0, 5, 0, 0, 0, 7, 7, 7, 7, 7, 7, 7, 
7, 7, 7, 7, 7, 7, 7, 7, 7, 7, 7, 8, 10, 16, 19, 7, 
7, 7, 7, 7, 7, 7, 7, 7, 7, 7, 7, 7, 0, 0, 0, 8, 
10, 26, 27, 26, 0, 7, 0, 0, 0, 0, 0, 0, 0, 0, 7, 0, 
22, 22, 22, 8, 10, 0, 0, 8, 10, 0, 0, 0, 0, 0, 0, 0, 
0, 7, 0, 0, 0, 22, 22, 8,
10, 26, 0, 0, 0, 0, 8, 9, 9, 12, 9, 9, 9, 9, 9, 9, 
9, 9, 12, 9, 9, 9, 9, 12, 9, 9, 9, 9, 9, 9, 9, 9, 
9, 9, 9, 12, 9, 9, 9, 9, 12, 9, 9, 9, 12, 9, 9, 9, 
9, 9, 9, 12, 9, 9, 9, 9, 9, 9, 12, 9, 9, 9, 9, 9, 
9, 9, 9, 9, 12, 9, 9, 9, 9, 12, 9, 9, 9, 9, 9, 9, 
9, 9, 9, 9, 9, 9, 9, 9, 9, 9, 9, 9, 9, 9, 9, 9, 
9, 9, 9, 9, 9, 9, 9, 9, 10, 0, 0, 8, 9, 9, 12, 9, 
9, 9, 9, 12, 9, 9, 9, 9,
10, 26, 0, 0, 0, 0, 8, 9, 9, 9, 9, 12, 9, 9, 9, 12, 
9, 9, 9, 9, 9, 12, 9, 9, 9, 9, 9, 12, 9, 13, 13, 9, 
9, 9, 13, 9, 9, 13, 9, 9, 9, 9, 9, 13, 9, 9, 9, 13, 
9, 9, 9, 9, 9, 9, 9, 9, 9, 9, 9, 9, 9, 9, 9, 9, 
9, 9, 9, 9, 9, 9, 12, 9, 9, 9, 9, 9, 9, 9, 9, 9, 
9, 9, 9, 12, 9, 9, 9, 9, 9, 13, 9, 9, 12, 9, 9, 12, 
9, 9, 9, 9, 9, 9, 9, 12, 10, 0, 0, 8, 9, 9, 9, 9, 
12, 9, 9, 9, 9, 12, 9, 9,
10, 26, 26, 0, 0, 0, 11, 0, 40, 0, 37, 0, 0, 37, 40, 0, 
37, 0, 0, 0, 0, 0, 0, 0, 0, 23, 23, 23, 23, 23, 23, 23, 
23, 23, 23, 23, 23, 23, 23, 23, 23, 23, 23, 23, 23, 23, 23, 23, 
23, 23, 23, 23, 23, 23, 23, 23, 23, 23, 11, 0, 0, 0, 16, 44, 
19, 0, 0, 37, 0, 0, 40, 0, 37, 0, 0, 40, 0, 37, 0, 0, 
0, 0, 8, 9, 12, 9, 9, 9, 10, 37, 8, 9, 9, 9, 12, 9, 
10, 0, 0, 8, 10, 0, 0, 0, 0, 0, 0, 0, 0, 0, 0, 0, 
0, 0, 0, 0, 0, 0, 0, 8,
10, 26, 26, 0, 0, 0, 11, 0, 0, 0, 37, 0, 0, 37, 0, 0, 
37, 0, 0, 0, 0, 0, 0, 0, 0, 0, 0, 0, 0, 0, 0, 0, 
0, 0, 0, 0, 0, 0, 0, 0, 0, 0, 0, 0, 0, 0, 0, 0, 
0, 0, 0, 0, 0, 0, 0, 0, 0, 0, 11, 0, 0, 0, 0, 0, 
40, 0, 0, 36, 0, 0, 0, 0, 36, 0, 0, 0, 0, 36, 0, 0, 
0, 0, 8, 13, 9, 9, 9, 12, 10, 37, 8, 12, 9, 13, 9, 9, 
10, 0, 0, 8, 10, 32, 33, 41, 0, 0, 0, 0, 0, 0, 0, 0, 
0, 0, 0, 0, 0, 0, 0, 8,
10, 27, 26, 27, 0, 0, 0, 0, 0, 0, 37, 0, 0, 37, 0, 0, 
37, 0, 0, 0, 0, 0, 0, 0, 0, 0, 0, 0, 0, 0, 0, 0, 
0, 0, 0, 0, 0, 0, 0, 0, 0, 0, 0, 0, 0, 0, 0, 0, 
0, 0, 0, 0, 0, 0, 0, 0, 0, 0, 11, 0, 0, 0, 0, 0, 
0, 0, 0, 0, 0, 0, 0, 0, 0, 0, 0, 0, 0, 0, 0, 0, 
0, 0, 2, 43, 17, 44, 18, 45, 19, 37, 16, 45, 18, 44, 17, 43, 
1, 0, 0, 8, 10, 34, 35, 28, 0, 0, 0, 0, 0, 0, 0, 0, 
0, 0, 0, 0, 0, 0, 0, 8,
12, 9, 12, 9, 9, 12, 9, 9, 10, 0, 36, 0, 0, 36, 0, 0, 
36, 0, 0, 0, 0, 0, 32, 33, 0, 0, 0, 0, 0, 0, 0, 0, 
0, 0, 0, 0, 0, 0, 0, 0, 0, 0, 0, 0, 0, 0, 0, 0, 
0, 0, 0, 0, 0, 0, 0, 42, 41, 0, 11, 0, 0, 0, 0, 0, 
0, 0, 0, 0, 0, 0, 0, 0, 0, 0, 0, 0, 0, 0, 0, 0, 
0, 0, 6, 0, 0, 0, 0, 0, 40, 36, 0, 0, 0, 0, 0, 0, 
5, 0, 0, 8, 9, 9, 12, 9, 9, 13, 9, 12, 9, 9, 9, 9, 
10, 0, 0, 0, 0, 0, 0, 8,
10, 0, 0, 0, 0, 39, 0, 40, 0, 0, 0, 0, 0, 0, 0, 0, 
0, 0, 0, 0, 0, 0, 34, 35, 0, 0, 0, 0, 0, 0, 0, 0, 
0, 0, 0, 0, 0, 0, 0, 0, 0, 0, 0, 0, 0, 0, 0, 0, 
0, 0, 0, 0, 0, 0, 0, 0, 0, 0, 11, 0, 0, 0, 0, 11, 
3, 3, 15, 0, 0, 0, 0, 0, 0, 0, 0, 0, 0, 0, 0, 0, 
0, 0, 5, 0, 0, 0, 0, 0, 0, 0, 0, 0, 0, 0, 0, 0, 
6, 0, 0, 0, 0, 0, 39, 0, 0, 0, 39, 0, 0, 40, 39, 0, 
0, 0, 0, 0, 0, 0, 0, 8,
10, 0, 0, 0, 0, 0, 0, 0, 0, 0, 0, 0, 0, 0, 0, 0, 
0, 0, 32, 33, 32, 33, 32, 33, 0, 0, 0, 0, 0, 0, 0, 0, 
0, 0, 0, 0, 0, 14, 1, 4, 21, 21, 1, 1, 20, 20, 20, 1, 
1, 21, 21, 21, 21, 21, 2, 1, 20, 20, 11, 0, 0, 0, 0, 11, 
0, 0, 0, 0, 0, 0, 0, 0, 0, 0, 0, 0, 0, 0, 0, 0, 
0, 0, 7, 0, 0, 0, 0, 0, 0, 0, 0, 0, 0, 0, 0, 0, 
7, 0, 0, 0, 0, 0, 0, 0, 0, 0, 0, 0, 0, 0, 0, 0, 
0, 0, 0, 0, 0, 0, 0, 8,
10, 0, 0, 0, 0, 0, 0, 0, 0, 0, 0, 0, 0, 0, 0, 0, 
0, 0, 34, 35, 34, 35, 34, 35, 0, 0, 0, 0, 0, 0, 0, 0, 
27, 0, 0, 0, 0, 0, 9, 9, 12, 9, 12, 9, 9, 9, 9, 12, 
9, 9, 9, 9, 9, 9, 9, 13, 9, 9, 10, 0, 0, 0, 0, 11, 
0, 0, 0, 0, 0, 0, 0, 0, 0, 0, 0, 0, 0, 0, 0, 0, 
0, 0, 1, 3, 3, 3, 4, 3, 4, 3, 4, 4, 3, 3, 4, 3, 
2, 0, 0, 0, 0, 0, 0, 0, 0, 0, 0, 0, 0, 0, 0, 0, 
0, 0, 42, 0, 0, 0, 0, 8,
10, 0, 0, 0, 0, 0, 0, 0, 0, 0, 0, 0, 0, 0, 0, 0, 
32, 33, 32, 33, 32, 33, 32, 33, 0, 0, 0, 0, 0, 0, 0, 0, 
26, 0, 0, 0, 0, 0, 5, 0, 0, 0, 39, 40, 0, 39, 0, 0, 
39, 0, 40, 39, 0, 0, 39, 0, 0, 39, 0, 0, 0, 0, 0, 11, 
0, 0, 0, 0, 0, 0, 0, 0, 0, 0, 0, 0, 0, 0, 0, 0, 
0, 0, 5, 0, 0, 0, 0, 0, 0, 0, 0, 0, 0, 0, 0, 0, 
5, 0, 0, 0, 0, 0, 0, 0, 0, 0, 0, 0, 0, 0, 0, 0, 
0, 0, 0, 0, 0, 0, 0, 8,
10, 0, 0, 0, 0, 0, 0, 0, 0, 0, 0, 0, 28, 0, 0, 0, 
34, 35, 34, 35, 34, 35, 34, 35, 0, 0, 0, 0, 0, 0, 0, 26, 
27, 0, 0, 0, 0, 0, 6, 0, 0, 0, 0, 0, 0, 0, 0, 0, 
0, 0, 0, 0, 0, 0, 0, 0, 0, 0, 0, 0, 0, 0, 0, 11, 
0, 0, 0, 0, 0, 0, 0, 0, 0, 0, 0, 0, 0, 0, 0, 0, 
0, 0, 5, 0, 0, 0, 0, 0, 0, 0, 0, 0, 0, 0, 0, 0, 
6, 0, 0, 0, 0, 0, 0, 0, 0, 0, 26, 0, 0, 0, 0, 0, 
0, 0, 8, 9, 12, 9, 9, 9,
10, 0, 0, 0, 0, 0, 0, 0, 0, 0, 0, 0, 32, 33, 0, 0, 
32, 33, 32, 33, 32, 33, 32, 33, 0, 0, 0, 0, 0, 27, 0, 27, 
26, 26, 27, 0, 0, 0, 5, 0, 0, 0, 0, 0, 0, 0, 0, 0, 
0, 0, 0, 0, 0, 0, 0, 0, 0, 0, 0, 0, 0, 0, 0, 11, 
0, 0, 0, 0, 0, 0, 0, 0, 0, 0, 0, 0, 0, 0, 0, 0, 
0, 0, 6, 0, 0, 0, 0, 0, 0, 0, 0, 0, 0, 0, 0, 0, 
5, 0, 0, 0, 0, 0, 0, 0, 0, 26, 27, 0, 0, 0, 0, 0, 
0, 0, 11, 0, 40, 39, 0, 8,
10, 22, 22, 22, 22, 22, 22, 22, 22, 22, 22, 22, 34, 35, 22, 22, 
34, 35, 34, 35, 34, 35, 34, 35, 22, 22, 22, 22, 26, 26, 26, 26, 
26, 26, 26, 27, 0, 0, 7, 0, 0, 0, 0, 0, 0, 0, 0, 0, 
0, 0, 0, 0, 0, 0, 0, 0, 0, 0, 0, 0, 0, 0, 0, 11, 
22, 22, 22, 22, 22, 22, 22, 22, 22, 22, 22, 22, 22, 22, 11, 0, 
0, 0, 7, 0, 0, 0, 0, 0, 0, 0, 0, 0, 0, 0, 0, 0, 
7, 0, 0, 0, 0, 0, 26, 27, 26, 26, 27, 27, 26, 0, 0, 0, 
0, 0, 0, 0, 0, 0, 0, 8,
9, 12, 9, 9, 12, 9, 9, 9, 9, 12, 9, 9, 9, 9, 9, 9, 
9, 12, 9, 9, 9, 12, 9, 9, 9, 9, 9, 9, 12, 9, 9, 9, 
9, 9, 12, 9, 9, 9, 9, 9, 10, 0, 0, 0, 0, 0, 0, 0, 
0, 0, 0, 0, 0, 0, 0, 0, 0, 0, 0, 8, 9, 9, 9, 9, 
9, 9, 9, 9, 9, 9, 12, 9, 9, 9, 9, 9, 9, 9, 9, 9, 
9, 9, 9, 9, 9, 12, 9, 13, 9, 12, 9, 9, 9, 9, 9, 9, 
9, 12, 9, 9, 9, 9, 9, 13, 9, 9, 9, 9, 9, 9, 9, 9, 
13, 9, 10, 3, 3, 15, 0, 8,
9, 9, 9, 9, 12, 9, 9, 9, 12, 9, 9, 9, 9, 9, 9, 9, 
9, 9, 12, 9, 9, 9, 9, 9, 12, 9, 9, 12, 9, 9, 9, 9, 
9, 9, 9, 9, 9, 12, 9, 9, 10, 0, 0, 0, 0, 0, 0, 0, 
0, 0, 0, 0, 0, 0, 0, 0, 0, 0, 0, 8, 10, 9, 9, 9, 
9, 9, 9, 9, 9, 9, 9, 9, 9, 12, 9, 9, 9, 9, 9, 9, 
9, 12, 9, 9, 9, 12, 9, 9, 9, 9, 12, 9, 9, 12, 9, 9, 
9, 9, 9, 9, 9, 9, 9, 9, 9, 9, 9, 9, 9, 9, 9, 9, 
9, 9, 10, 0, 0, 0, 0, 8,
8, 40, 37, 0, 0, 37, 40, 0, 0, 37, 0, 0, 0, 37, 0, 40, 
0, 0, 40, 0, 0, 40, 0, 37, 0, 0, 40, 37, 0, 0, 0, 37, 
0, 0, 40, 37, 0, 0, 0, 8, 10, 0, 0, 0, 0, 0, 0, 0, 
0, 0, 0, 0, 0, 0, 0, 14, 1, 3, 4, 8, 10, 0, 0, 5, 
0, 0, 37, 0, 0, 0, 0, 5, 0, 0, 6, 0, 37, 0, 0, 6, 
0, 0, 5, 0, 0, 0, 6, 0, 0, 37, 0, 5, 0, 0, 5, 40, 
0, 37, 0, 0, 0, 6, 40, 0, 37, 40, 0, 5, 0, 0, 37, 40, 
0, 0, 40, 0, 11, 0, 0, 8,
8, 0, 37, 0, 0, 37, 0, 0, 0, 37, 0, 0, 0, 37, 0, 0, 
0, 0, 0, 0, 0, 0, 0, 37, 0, 0, 0, 37, 0, 0, 0, 37, 
0, 0, 0, 37, 0, 0, 0, 8, 10, 0, 0, 0, 0, 0, 0, 0, 
0, 0, 0, 0, 0, 0, 0, 0, 5, 0, 0, 8, 10, 0, 0, 5, 
0, 0, 37, 0, 0, 0, 0, 6, 0, 0, 5, 0, 37, 0, 0, 5, 
0, 0, 6, 0, 0, 0, 5, 0, 0, 37, 0, 5, 0, 0, 6, 0, 
0, 37, 0, 0, 0, 5, 0, 0, 37, 0, 0, 6, 0, 0, 37, 0, 
0, 0, 0, 8, 10, 0, 0, 8,
8, 0, 37, 0, 0, 37, 0, 0, 0, 37, 0, 0, 0, 37, 0, 0, 
0, 0, 0, 0, 0, 0, 0, 37, 0, 0, 0, 37, 0, 0, 0, 36, 
0, 0, 0, 37, 0, 0, 0, 8, 10, 0, 42, 0, 0, 0, 0, 0, 
0, 0, 0, 0, 0, 0, 0, 0, 6, 0, 0, 8, 10, 0, 0, 6, 
0, 0, 37, 0, 0, 0, 0, 5, 0, 0, 5, 0, 37, 0, 0, 7, 
0, 0, 7, 0, 0, 0, 5, 0, 0, 37, 0, 5, 0, 0, 5, 0, 
0, 36, 0, 0, 0, 5, 0, 0, 37, 0, 0, 7, 0, 0, 37, 0, 
0, 0, 0, 11, 0, 0, 0, 8,
8, 0, 36, 0, 0, 37, 0, 0, 0, 37, 0, 11, 0, 37, 0, 0, 
0, 0, 0, 0, 0, 0, 0, 36, 0, 0, 0, 37, 0, 0, 0, 0, 
0, 0, 0, 37, 0, 0, 0, 8, 10, 0, 0, 0, 0, 0, 0, 0, 
0, 0, 0, 0, 0, 0, 0, 0, 7, 0, 0, 8, 10, 0, 0, 5, 
0, 0, 36, 0, 0, 0, 0, 7, 0, 0, 6, 0, 37, 0, 14, 3, 
3, 3, 3, 15, 0, 0, 5, 0, 0, 36, 0, 6, 0, 0, 5, 0, 
0, 0, 0, 0, 0, 7, 0, 0, 36, 0, 14, 3, 15, 0, 37, 0, 
8, 9, 9, 10, 0, 0, 0, 8,
8, 0, 0, 0, 0, 37, 0, 0, 0, 37, 0, 11, 0, 37, 0, 0, 
0, 0, 0, 0, 0, 0, 0, 0, 0, 0, 0, 37, 0, 0, 0, 0, 
0, 0, 0, 36, 0, 0, 0, 8, 10, 3, 3, 3, 3, 15, 0, 0, 
0, 0, 0, 14, 2, 3, 3, 4, 3, 4, 3, 8, 10, 0, 0, 5, 
0, 0, 0, 0, 14, 3, 3, 3, 15, 0, 5, 0, 36, 0, 0, 0, 
0, 0, 0, 0, 0, 0, 6, 0, 0, 0, 0, 7, 0, 0, 7, 0, 
0, 0, 0, 14, 3, 3, 15, 0, 0, 0, 0, 0, 0, 0, 37, 0, 
39, 0, 0, 11, 0, 0, 0, 8,
8, 0, 0, 0, 0, 37, 0, 11, 0, 36, 0, 11, 0, 37, 0, 11, 
0, 0, 0, 0, 0, 0, 0, 0, 0, 0, 0, 36, 0, 0, 0, 0, 
0, 0, 0, 0, 0, 0, 0, 8, 10, 0, 0, 0, 0, 0, 0, 0, 
0, 0, 0, 0, 5, 0, 0, 0, 0, 0, 0, 8, 10, 0, 0, 5, 
0, 0, 0, 0, 0, 0, 0, 0, 0, 0, 7, 0, 0, 0, 0, 0, 
0, 0, 0, 0, 0, 0, 5, 0, 0, 0, 14, 3, 3, 3, 3, 15, 
0, 0, 0, 0, 0, 0, 0, 0, 0, 0, 0, 0, 0, 0, 36, 0, 
0, 0, 0, 11, 0, 0, 0, 8,
8, 0, 0, 0, 0, 36, 0, 11, 0, 0, 0, 11, 0, 36, 0, 11, 
0, 0, 0, 8, 10, 0, 0, 0, 0, 0, 0, 0, 0, 0, 0, 0, 
0, 0, 0, 0, 0, 14, 4, 8, 10, 0, 0, 0, 0, 0, 0, 0, 
0, 0, 0, 0, 6, 0, 41, 0, 0, 0, 0, 8, 10, 0, 0, 7, 
0, 0, 0, 0, 0, 0, 0, 0, 0, 0, 14, 15, 0, 0, 0, 0, 
0, 0, 0, 0, 0, 0, 7, 0, 0, 0, 0, 0, 0, 0, 0, 0, 
0, 0, 0, 0, 0, 0, 0, 0, 0, 0, 0, 0, 0, 0, 0, 0, 
0, 0, 0, 11, 0, 0, 0, 8,
8, 0, 0, 0, 0, 0, 0, 11, 0, 0, 0, 11, 0, 0, 0, 11, 
0, 0, 0, 8, 10, 0, 0, 0, 0, 0, 0, 0, 0, 0, 0, 0, 
0, 0, 0, 0, 0, 0, 0, 8, 10, 0, 0, 0, 0, 0, 0, 22, 
22, 0, 0, 0, 7, 0, 0, 0, 0, 0, 0, 8, 10, 0, 0, 14, 
3, 3, 3, 3, 15, 0, 0, 0, 0, 0, 0, 0, 0, 0, 0, 0, 
0, 0, 0, 0, 0, 14, 3, 15, 0, 0, 0, 0, 0, 0, 0, 0, 
0, 0, 0, 0, 0, 0, 0, 0, 0, 0, 0, 0, 0, 0, 0, 0, 
0, 0, 0, 11, 0, 0, 0, 8,
8, 3, 3, 15, 0, 0, 0, 39, 0, 0, 0, 11, 0, 0, 0, 39, 
0, 0, 28, 8, 10, 0, 0, 0, 0, 0, 0, 0, 0, 0, 0, 0, 
0, 0, 0, 0, 0, 0, 0, 8, 10, 0, 0, 0, 0, 0, 0, 14, 
1, 3, 4, 3, 3, 3, 3, 4, 3, 3, 4, 8, 10, 0, 0, 0, 
0, 0, 0, 0, 0, 0, 0, 0, 0, 0, 0, 0, 0, 0, 0, 0, 
0, 0, 0, 0, 0, 0, 0, 0, 0, 0, 0, 0, 0, 0, 0, 0, 
0, 0, 0, 0, 0, 0, 0, 0, 0, 0, 0, 0, 0, 0, 0, 0, 
0, 0, 25, 11, 0, 0, 0, 8,
8, 0, 0, 0, 0, 0, 0, 0, 0, 0, 0, 11, 0, 0, 0, 0, 
0, 32, 33, 8, 10, 0, 0, 0, 0, 0, 0, 0, 0, 0, 0, 0, 
0, 0, 0, 0, 0, 0, 14, 8, 10, 0, 0, 0, 0, 0, 0, 0, 
6, 0, 0, 0, 0, 0, 0, 0, 0, 0, 0, 8, 10, 0, 0, 0, 
0, 0, 26, 0, 0, 0, 0, 0, 0, 0, 0, 0, 0, 0, 0, 0, 
0, 0, 0, 0, 0, 0, 0, 0, 0, 0, 0, 0, 0, 0, 0, 0, 
0, 0, 0, 0, 0, 0, 0, 0, 0, 0, 0, 0, 0, 0, 0, 0, 
0, 0, 25, 11, 0, 0, 0, 8,
8, 0, 0, 0, 0, 0, 22, 22, 22, 22, 22, 11, 22, 22, 22, 22, 
22, 34, 35, 8, 10, 22, 22, 22, 22, 22, 22, 22, 22, 22, 22, 22, 
22, 22, 22, 22, 0, 0, 0, 8, 10, 0, 0, 0, 26, 0, 0, 0, 
5, 0, 0, 0, 0, 0, 27, 0, 0, 0, 0, 8, 10, 0, 0, 0, 
0, 0, 26, 21, 21, 21, 21, 21, 21, 21, 21, 21, 21, 21, 21, 21, 
21, 21, 21, 21, 21, 21, 21, 21, 21, 21, 21, 21, 21, 21, 21, 21, 
21, 21, 21, 21, 21, 21, 21, 21, 21, 21, 21, 21, 21, 21, 21, 21, 
21, 21, 8, 10, 0, 0, 0, 8,
8, 0, 0, 0, 8, 9, 9, 12, 9, 9, 9, 9, 9, 9, 9, 9, 
9, 12, 9, 9, 9, 9, 9, 9, 12, 9, 9, 9, 9, 9, 9, 9, 
12, 9, 9, 9, 10, 0, 0, 8, 10, 0, 0, 0, 27, 0, 0, 0, 
5, 0, 0, 0, 0, 26, 26, 27, 0, 0, 0, 8, 10, 0, 0, 0, 
0, 8, 9, 9, 9, 9, 9, 9, 9, 12, 9, 9, 9, 9, 9, 9, 
9, 9, 9, 9, 9, 9, 9, 9, 12, 9, 9, 9, 9, 9, 9, 9, 
9, 12, 9, 9, 9, 9, 9, 9, 9, 9, 9, 9, 9, 9, 9, 9, 
9, 9, 9, 10, 0, 0, 0, 8,
8, 0, 0, 0, 8, 9, 9, 9, 9, 9, 9, 12, 9, 9, 9, 9, 
9, 9, 9, 12, 9, 9, 9, 9, 9, 9, 9, 9, 9, 12, 9, 9, 
9, 9, 9, 12, 10, 0, 0, 8, 10, 0, 0, 0, 26, 0, 0, 0, 
6, 0, 0, 0, 0, 26, 27, 26, 0, 0, 0, 8, 10, 0, 0, 0, 
0, 8, 9, 9, 9, 9, 9, 9, 9, 9, 9, 9, 12, 9, 9, 9, 
9, 9, 9, 9, 9, 12, 9, 9, 9, 9, 9, 9, 9, 9, 9, 12, 
9, 9, 9, 9, 9, 9, 9, 9, 9, 9, 9, 9, 9, 9, 9, 9, 
9, 9, 9, 10, 0, 0, 0, 8,
8, 0, 0, 0, 0, 0, 23, 23, 23, 23, 23, 23, 23, 23, 23, 23, 
23, 23, 23, 23, 23, 23, 23, 23, 23, 23, 23, 23, 23, 23, 23, 23, 
23, 23, 23, 23, 0, 0, 0, 8, 10, 0, 0, 26, 26, 26, 0, 0, 
5, 0, 0, 0, 26, 27, 26, 26, 0, 27, 0, 8, 10, 0, 0, 0, 
0, 0, 0, 0, 23, 23, 0, 0, 0, 0, 0, 0, 0, 0, 0, 0, 
0, 0, 0, 0, 0, 0, 37, 40, 0, 11, 0, 40, 37, 0, 0, 0, 
0, 0, 0, 8, 10, 0, 0, 0, 0, 0, 0, 0, 0, 0, 0, 0, 
0, 0, 0, 11, 0, 0, 0, 8,
8, 0, 28, 0, 0, 0, 0, 0, 0, 0, 0, 0, 0, 0, 0, 0, 
0, 0, 0, 0, 0, 0, 0, 0, 0, 0, 0, 0, 0, 0, 0, 0, 
0, 0, 0, 0, 0, 0, 0, 8, 10, 27, 26, 26, 27, 26, 26, 0, 
5, 0, 0, 0, 26, 26, 26, 27, 26, 26, 26, 8, 10, 0, 0, 0, 
0, 0, 0, 0, 0, 0, 0, 0, 0, 0, 0, 0, 0, 0, 0, 0, 
0, 0, 0, 0, 0, 0, 36, 0, 0, 11, 0, 0, 36, 0, 0, 0, 
0, 0, 0, 8, 10, 0, 0, 0, 0, 0, 0, 0, 0, 0, 0, 0, 
0, 0, 0, 11, 0, 0, 0, 8,
8, 3, 3, 3, 3, 3, 2, 0, 0, 0, 0, 0, 0, 0, 0, 0, 
0, 0, 0, 0, 0, 0, 0, 0, 0, 0, 0, 0, 0, 0, 0, 0, 
0, 0, 0, 0, 0, 0, 0, 8, 9, 9, 9, 9, 12, 9, 10, 0, 
5, 0, 0, 8, 9, 9, 12, 9, 9, 12, 9, 9, 10, 3, 4, 3, 
3, 3, 1, 0, 0, 0, 0, 0, 0, 0, 0, 0, 0, 0, 0, 0, 
0, 0, 0, 0, 11, 0, 0, 0, 0, 11, 0, 0, 0, 0, 11, 0, 
0, 0, 0, 8, 10, 0, 0, 0, 0, 11, 0, 0, 0, 0, 0, 0, 
0, 0, 0, 11, 0, 0, 0, 8,
8, 0, 0, 0, 0, 0, 5, 0, 0, 0, 0, 0, 0, 0, 0, 0, 
0, 0, 0, 0, 0, 0, 0, 0, 0, 0, 0, 0, 0, 0, 0, 0, 
0, 0, 0, 0, 0, 0, 0, 8, 10, 0, 0, 0, 0, 0, 0, 0, 
6, 0, 0, 0, 0, 37, 0, 0, 37, 0, 0, 8, 10, 0, 0, 0, 
0, 0, 6, 0, 0, 0, 0, 0, 0, 0, 0, 0, 0, 0, 0, 0, 
0, 0, 0, 0, 11, 0, 0, 0, 0, 39, 0, 0, 0, 0, 11, 0, 
0, 0, 0, 0, 0, 0, 0, 0, 0, 11, 0, 0, 0, 0, 0, 0, 
0, 0, 0, 11, 0, 0, 0, 8,
8, 0, 0, 0, 0, 0, 7, 0, 0, 0, 0, 0, 0, 0, 0, 0, 
0, 0, 0, 0, 0, 0, 0, 0, 0, 0, 0, 0, 0, 0, 0, 0, 
0, 0, 0, 0, 0, 0, 0, 8, 10, 0, 0, 0, 0, 0, 0, 0, 
7, 0, 0, 0, 0, 37, 0, 0, 37, 0, 0, 8, 10, 0, 0, 0, 
0, 0, 7, 0, 0, 22, 22, 0, 0, 0, 0, 0, 0, 0, 0, 0, 
0, 0, 0, 0, 11, 21, 21, 21, 0, 0, 0, 0, 22, 22, 11, 22, 
0, 0, 0, 0, 0, 0, 0, 0, 0, 11, 0, 0, 0, 0, 0, 0, 
0, 0, 0, 11, 0, 0, 0, 8,
8, 0, 0, 0, 0, 0, 2, 3, 3, 3, 3, 3, 3, 3, 3, 3, 
4, 3, 3, 3, 3, 3, 3, 3, 3, 1, 3, 3, 4, 3, 3, 3, 
3, 2, 3, 3, 3, 4, 3, 8, 10, 0, 0, 0, 0, 14, 3, 4, 
3, 3, 3, 15, 0, 37, 0, 0, 37, 0, 0, 8, 10, 0, 0, 0, 
8, 9, 9, 9, 9, 9, 9, 9, 12, 9, 9, 9, 9, 9, 9, 9, 
9, 9, 9, 9, 9, 9, 9, 9, 9, 9, 9, 9, 9, 9, 9, 9, 
9, 9, 9, 9, 9, 9, 9, 9, 9, 9, 9, 9, 9, 9, 9, 10, 
0, 0, 0, 11, 0, 0, 0, 8,
8, 0, 0, 0, 0, 0, 5, 0, 0, 0, 0, 0, 0, 0, 0, 0, 
0, 0, 0, 0, 0, 0, 0, 0, 0, 5, 0, 0, 0, 0, 0, 0, 
0, 5, 0, 0, 0, 0, 0, 8, 10, 28, 0, 0, 0, 0, 0, 0, 
0, 0, 0, 0, 0, 36, 0, 0, 36, 0, 0, 8, 10, 0, 0, 0, 
0, 0, 0, 37, 0, 23, 23, 0, 37, 0, 0, 0, 0, 37, 0, 0, 
0, 0, 37, 0, 0, 0, 0, 37, 0, 0, 0, 0, 37, 0, 0, 0, 
0, 37, 0, 0, 0, 0, 37, 0, 0, 0, 0, 37, 0, 0, 0, 0, 
0, 0, 0, 11, 0, 0, 0, 8,
8, 0, 0, 0, 0, 0, 5, 0, 0, 0, 0, 0, 0, 0, 0, 0, 
0, 0, 0, 0, 0, 0, 0, 0, 0, 5, 0, 0, 0, 0, 0, 0, 
0, 5, 0, 0, 0, 0, 0, 8, 10, 28, 28, 0, 0, 0, 0, 0, 
0, 0, 0, 0, 0, 0, 0, 0, 0, 0, 0, 8, 10, 0, 0, 0, 
0, 0, 0, 36, 0, 0, 0, 0, 36, 0, 0, 0, 0, 36, 0, 0, 
0, 0, 36, 0, 0, 0, 0, 36, 0, 0, 0, 0, 36, 0, 0, 0, 
0, 36, 0, 0, 0, 0, 36, 0, 0, 0, 0, 36, 0, 0, 0, 0, 
0, 0, 28, 11, 0, 0, 0, 8,
8, 0, 0, 0, 0, 0, 6, 0, 0, 0, 14, 2, 3, 3, 3, 3, 
3, 1, 15, 0, 0, 0, 0, 0, 0, 5, 0, 0, 0, 0, 0, 0, 
0, 6, 0, 0, 0, 0, 0, 8, 9, 9, 12, 9, 10, 0, 0, 0, 
0, 0, 0, 0, 0, 0, 0, 0, 0, 0, 0, 8, 10, 0, 0, 0, 
0, 0, 0, 0, 0, 0, 0, 0, 0, 0, 0, 0, 0, 0, 0, 0, 
0, 0, 0, 0, 0, 0, 0, 0, 0, 0, 0, 0, 0, 0, 0, 0, 
0, 0, 0, 0, 0, 0, 0, 0, 0, 0, 0, 0, 0, 0, 1, 3, 
4, 3, 3, 11, 0, 0, 0, 8,
8, 0, 0, 0, 0, 0, 5, 0, 0, 0, 0, 5, 0, 0, 0, 0, 
0, 6, 0, 0, 0, 0, 0, 0, 0, 6, 0, 0, 0, 0, 0, 0, 
0, 5, 0, 0, 0, 0, 0, 0, 0, 0, 0, 0, 11, 0, 0, 0, 
41, 0, 0, 0, 0, 0, 0, 0, 0, 0, 0, 8, 10, 0, 0, 0, 
0, 0, 0, 0, 0, 0, 0, 0, 0, 0, 0, 0, 0, 0, 0, 0, 
0, 0, 0, 26, 0, 0, 0, 26, 0, 0, 0, 0, 26, 0, 0, 0, 
0, 0, 0, 0, 0, 0, 26, 27, 0, 0, 0, 0, 0, 0, 6, 0, 
0, 0, 0, 11, 0, 0, 0, 8,
8, 0, 0, 0, 0, 0, 7, 0, 0, 0, 0, 7, 0, 0, 0, 0, 
0, 7, 0, 0, 0, 0, 0, 0, 0, 7, 0, 0, 0, 0, 0, 0, 
0, 7, 0, 0, 0, 0, 0, 0, 0, 0, 0, 0, 0, 0, 0, 0, 
0, 0, 0, 0, 0, 0, 0, 0, 0, 0, 0, 8, 10, 0, 0, 0, 
0, 0, 0, 0, 22, 22, 0, 0, 0, 0, 0, 0, 0, 0, 0, 0, 
0, 0, 26, 27, 0, 0, 27, 27, 27, 0, 0, 27, 26, 26, 26, 0, 
0, 27, 0, 0, 0, 26, 26, 26, 26, 0, 0, 0, 0, 0, 7, 0, 
0, 0, 0, 11, 0, 0, 0, 8,
8, 0, 0, 0, 8, 9, 9, 9, 9, 9, 9, 9, 9, 9, 9, 9, 
9, 9, 9, 9, 9, 9, 9, 9, 12, 10, 0, 0, 0, 0, 0, 0, 
0, 8, 12, 9, 9, 9, 9, 12, 9, 9, 12, 9, 9, 9, 12, 9, 
10, 14, 3, 3, 4, 3, 3, 3, 15, 0, 0, 8, 10, 0, 0, 0, 
8, 9, 12, 9, 9, 9, 9, 9, 12, 9, 9, 9, 9, 9, 9, 9, 
9, 9, 12, 9, 9, 9, 9, 12, 9, 9, 9, 9, 9, 9, 9, 12, 
9, 9, 9, 9, 12, 9, 12, 9, 9, 9, 9, 9, 9, 9, 9, 10, 
0, 0, 0, 11, 0, 0, 0, 8,
8, 0, 0, 0, 8, 9, 9, 9, 9, 9, 9, 9, 9, 9, 9, 9, 
9, 9, 9, 9, 9, 12, 9, 9, 9, 10, 0, 0, 0, 0, 0, 0, 
0, 8, 9, 9, 9, 12, 9, 9, 9, 9, 9, 9, 12, 9, 9, 12, 
10, 0, 0, 0, 0, 0, 0, 0, 0, 0, 0, 8, 10, 0, 0, 0, 
8, 9, 9, 9, 9, 9, 9, 9, 9, 9, 12, 9, 9, 9, 9, 12, 
9, 9, 9, 9, 12, 12, 9, 9, 9, 9, 9, 9, 12, 12, 12, 12, 
12, 9, 9, 12, 9, 9, 9, 9, 12, 9, 9, 9, 12, 9, 9, 10, 
0, 0, 0, 11, 0, 0, 0, 8,
8, 0, 0, 0, 0, 0, 40, 0, 37, 0, 0, 40, 37, 0, 0, 0, 
37, 40, 0, 8, 10, 0, 40, 37, 0, 0, 0, 0, 0, 0, 0, 0, 
0, 0, 0, 0, 37, 0, 40, 8, 10, 39, 0, 40, 39, 0, 0, 39, 
40, 0, 0, 0, 0, 0, 0, 0, 0, 0, 0, 8, 10, 0, 0, 0, 
0, 0, 0, 0, 40, 37, 0, 0, 0, 37, 40, 0, 0, 37, 40, 0, 
0, 0, 0, 0, 0, 0, 0, 0, 0, 0, 0, 0, 0, 0, 0, 0, 
0, 0, 0, 0, 0, 0, 0, 0, 0, 0, 0, 0, 0, 0, 0, 0, 
0, 0, 0, 11, 0, 0, 0, 8,
8, 15, 0, 0, 0, 0, 0, 0, 37, 0, 0, 0, 37, 0, 0, 0, 
37, 0, 0, 8, 10, 0, 0, 37, 0, 0, 0, 0, 0, 11, 0, 0, 
0, 0, 0, 0, 37, 0, 0, 8, 10, 0, 0, 0, 0, 0, 0, 0, 
0, 0, 0, 0, 0, 0, 0, 0, 0, 32, 33, 8, 10, 28, 0, 0, 
0, 0, 0, 0, 0, 36, 0, 0, 0, 36, 0, 0, 0, 36, 0, 0, 
0, 0, 0, 0, 0, 0, 0, 0, 0, 0, 0, 0, 0, 0, 0, 0, 
0, 0, 0, 0, 0, 0, 0, 0, 0, 0, 0, 0, 0, 0, 0, 0, 
0, 0, 0, 11, 0, 0, 0, 8,
8, 0, 21, 0, 0, 0, 0, 0, 37, 0, 0, 0, 37, 0, 0, 0, 
37, 0, 0, 8, 10, 0, 0, 37, 0, 0, 0, 0, 0, 11, 15, 0, 
0, 0, 0, 0, 37, 0, 0, 8, 10, 0, 0, 0, 20, 20, 20, 20, 
20, 20, 20, 20, 20, 20, 20, 20, 20, 34, 35, 8, 10, 3, 3, 3, 
3, 3, 3, 2, 0, 0, 0, 0, 0, 0, 0, 0, 0, 0, 0, 0, 
0, 0, 0, 3, 2, 3, 3, 4, 3, 3, 3, 3, 3, 3, 4, 3, 
1, 15, 0, 0, 0, 3, 2, 3, 3, 4, 3, 1, 15, 0, 0, 0, 
0, 0, 0, 11, 0, 0, 0, 8,
8, 0, 6, 0, 21, 0, 0, 0, 37, 0, 0, 0, 37, 0, 0, 0, 
37, 0, 0, 8, 10, 0, 0, 37, 0, 0, 0, 0, 0, 11, 0, 0, 
0, 42, 0, 0, 37, 0, 0, 8, 10, 0, 0, 0, 7, 7, 7, 7, 
7, 7, 7, 7, 7, 7, 7, 7, 7, 32, 33, 8, 10, 0, 0, 0, 
0, 0, 0, 7, 0, 0, 0, 0, 0, 0, 0, 0, 0, 0, 0, 0, 
0, 0, 0, 0, 7, 0, 0, 0, 0, 0, 0, 0, 0, 0, 0, 0, 
7, 0, 0, 0, 0, 0, 7, 0, 0, 0, 0, 7, 0, 0, 0, 0, 
0, 0, 0, 11, 0, 0, 0, 8,
8, 0, 5, 0, 5, 0, 0, 0, 36, 0, 0, 0, 37, 0, 0, 0, 
36, 0, 0, 8, 10, 0, 0, 36, 0, 0, 0, 0, 14, 11, 0, 0, 
0, 0, 0, 0, 36, 0, 0, 8, 10, 0, 0, 0, 16, 18, 17, 43, 
17, 17, 43, 18, 17, 43, 17, 18, 19, 34, 35, 8, 10, 0, 0, 0, 
8, 9, 9, 9, 9, 9, 9, 12, 9, 9, 9, 9, 12, 12, 12, 9, 
9, 9, 9, 9, 12, 9, 9, 12, 12, 9, 9, 9, 9, 9, 9, 9, 
9, 12, 9, 12, 9, 9, 9, 12, 12, 9, 9, 9, 9, 9, 9, 10, 
0, 0, 0, 11, 0, 0, 0, 8,
8, 0, 5, 0, 5, 0, 21, 0, 0, 0, 0, 0, 37, 0, 0, 0, 
0, 0, 0, 8, 10, 0, 0, 0, 0, 0, 0, 0, 0, 11, 0, 0, 
14, 2, 15, 0, 0, 0, 0, 8, 10, 15, 0, 0, 6, 0, 0, 0, 
0, 0, 0, 0, 0, 0, 0, 0, 8, 9, 9, 12, 10, 0, 0, 0, 
16, 43, 43, 45, 17, 18, 17, 17, 43, 17, 43, 18, 43, 17, 17, 18, 
17, 17, 17, 44, 17, 17, 45, 45, 17, 17, 17, 17, 45, 45, 17, 17, 
44, 17, 17, 17, 18, 44, 17, 17, 44, 17, 18, 45, 18, 17, 45, 19, 
0, 0, 0, 11, 0, 0, 0, 8,
8, 0, 5, 0, 6, 0, 5, 0, 0, 0, 0, 0, 36, 0, 0, 0, 
0, 0, 0, 8, 10, 0, 0, 0, 0, 0, 0, 0, 0, 11, 0, 0, 
0, 5, 0, 0, 0, 0, 0, 8, 10, 0, 0, 0, 5, 0, 0, 0, 
0, 0, 0, 0, 0, 0, 0, 0, 0, 40, 0, 8, 10, 0, 0, 0, 
0, 0, 0, 0, 0, 0, 0, 0, 0, 0, 0, 0, 0, 0, 0, 0, 
0, 0, 0, 0, 0, 0, 0, 0, 0, 0, 0, 0, 0, 0, 0, 0, 
0, 0, 0, 0, 0, 0, 0, 0, 0, 0, 0, 0, 0, 0, 0, 0, 
0, 0, 0, 11, 0, 0, 0, 8,
8, 0, 5, 0, 5, 0, 5, 0, 21, 0, 0, 0, 0, 0, 0, 0, 
0, 0, 0, 8, 10, 0, 0, 0, 0, 29, 0, 0, 0, 11, 0, 0, 
0, 6, 0, 0, 29, 0, 0, 8, 10, 0, 0, 0, 7, 0, 0, 0, 
0, 0, 0, 0, 0, 0, 0, 0, 0, 0, 0, 8, 10, 32, 33, 0, 
0, 0, 0, 0, 0, 0, 0, 0, 0, 0, 0, 0, 0, 0, 0, 0, 
0, 0, 0, 0, 0, 0, 0, 0, 0, 0, 0, 0, 0, 0, 0, 0, 
0, 0, 0, 0, 0, 0, 0, 0, 0, 0, 0, 0, 0, 0, 0, 0, 
0, 0, 0, 11, 0, 0, 0, 8,
8, 0, 6, 0, 5, 0, 6, 0, 5, 0, 0, 0, 0, 0, 0, 0, 
0, 0, 0, 8, 10, 0, 0, 0, 0, 0, 0, 0, 0, 11, 0, 0, 
0, 5, 0, 0, 0, 0, 0, 8, 10, 3, 3, 3, 3, 3, 3, 3, 
3, 3, 3, 3, 3, 3, 3, 2, 0, 0, 0, 8, 10, 34, 35, 0, 
0, 0, 0, 0, 0, 0, 0, 0, 0, 0, 0, 0, 0, 0, 0, 0, 
0, 0, 0, 0, 0, 0, 0, 0, 0, 0, 0, 0, 0, 0, 0, 0, 
0, 0, 0, 0, 0, 0, 0, 0, 0, 0, 0, 0, 0, 0, 0, 0, 
0, 0, 0, 11, 0, 0, 0, 8,
8, 0, 5, 0, 5, 0, 5, 0, 6, 0, 32, 33, 3, 4, 3, 3, 
2, 0, 0, 8, 10, 15, 0, 0, 0, 0, 0, 0, 0, 11, 0, 0, 
0, 5, 0, 0, 0, 0, 14, 8, 10, 0, 0, 0, 0, 0, 42, 0, 
0, 0, 0, 0, 0, 0, 0, 5, 0, 0, 26, 8, 10, 32, 33, 32, 
33, 20, 20, 20, 20, 20, 20, 20, 20, 20, 20, 20, 20, 1, 2, 2, 
1, 1, 2, 21, 21, 21, 21, 21, 21, 21, 21, 21, 21, 21, 21, 21, 
21, 1, 2, 1, 2, 2, 1, 1, 2, 1, 2, 1, 2, 2, 1, 2, 
11, 0, 0, 0, 0, 0, 0, 8,
8, 22, 7, 22, 7, 22, 7, 22, 7, 22, 34, 35, 0, 0, 0, 0, 
7, 0, 0, 8, 10, 22, 22, 22, 22, 22, 22, 22, 22, 11, 22, 22, 
22, 7, 22, 22, 22, 22, 22, 8, 10, 0, 0, 0, 0, 0, 0, 0, 
0, 0, 0, 0, 0, 0, 0, 7, 0, 26, 27, 8, 10, 34, 35, 34, 
35, 7, 7, 7, 7, 7, 7, 7, 7, 7, 7, 7, 7, 7, 7, 7, 
7, 7, 7, 7, 7, 7, 7, 7, 7, 7, 7, 7, 7, 7, 7, 7, 
7, 7, 7, 7, 7, 7, 7, 7, 7, 7, 7, 7, 7, 7, 7, 7, 
11, 0, 0, 0, 0, 22, 22, 8,
8, 9, 9, 12, 9, 9, 9, 9, 12, 9, 9, 9, 9, 9, 9, 9, 
9, 12, 9, 9, 9, 9, 12, 9, 9, 9, 9, 9, 12, 9, 9, 9, 
9, 9, 12, 9, 9, 9, 12, 9, 9, 9, 12, 9, 9, 9, 9, 9, 
12, 9, 9, 9, 9, 9, 12, 9, 9, 9, 9, 12, 9, 9, 9, 9, 
9, 9, 9, 9, 9, 9, 9, 9, 9, 9, 9, 9, 9, 9, 9, 9, 
9, 9, 9, 9, 9, 9, 9, 9, 9, 9, 9, 9, 9, 9, 9, 9, 
9, 9, 9, 9, 9, 9, 9, 9, 9, 9, 9, 9, 9, 9, 9, 9, 
9, 9, 9, 9, 9, 9, 9, 9
};

const short map2[9360] = {
0, 0, 0, 0, 0, 0, 0, 0, 0, 0, 0, 0, 0, 0, 0, 0, 
0, 0, 0, 0, 0, 0, 0, 0, 0, 0, 0, 0, 0, 0, 0, 0, 
0, 0, 0, 0, 0, 0, 0, 0, 0, 0, 0, 0, 0, 0, 0, 0, 
0, 0, 0, 0, 0, 0, 0, 0, 0, 0, 0, 0, 0, 0, 0, 0, 
0, 0, 0, 0, 0, 0, 0, 0, 0, 0, 0, 0, 0, 0, 0, 0, 
0, 0, 0, 0, 0, 0, 0, 0, 0, 0, 0, 0, 0, 0, 0, 0, 
0, 0, 0, 0, 0, 0, 0, 0, 0, 0, 0, 0, 0, 0, 0, 0, 
0, 0, 0, 0, 0, 0, 0, 0,
0, 0, 0, 0, 0, 0, 0, 0, 0, 0, 0, 0, 0, 0, 0, 0, 
0, 0, 0, 0, 0, 0, 0, 0, 0, 0, 0, 0, 0, 0, 0, 0, 
0, 0, 0, 0, 0, 0, 0, 0, 0, 0, 0, 0, 0, 0, 0, 0, 
0, 0, 0, 0, 0, 0, 0, 0, 0, 0, 0, 0, 0, 0, 0, 0, 
0, 0, 0, 0, 0, 0, 0, 0, 0, 0, 0, 0, 0, 0, 0, 0, 
0, 0, 0, 0, 0, 0, 0, 0, 0, 0, 0, 0, 0, 0, 0, 0, 
0, 0, 0, 0, 0, 0, 0, 0, 0, 0, 0, 0, 0, 0, 0, 0, 
0, 0, 0, 0, 0, 0, 0, 0,
0, 0, 0, 0, 0, 0, 0, 0, 0, 0, 0, 0, 0, 0, 0, 0, 
0, 0, 0, 0, 0, 0, 0, 0, 0, 0, 0, 0, 0, 0, 0, 0, 
0, 0, 0, 0, 0, 0, 0, 0, 0, 0, 0, 0, 0, 0, 0, 0, 
0, 0, 0, 0, 0, 0, 0, 0, 0, 0, 0, 0, 0, 0, 0, 0, 
0, 0, 0, 0, 0, 0, 0, 0, 0, 0, 0, 0, 0, 0, 0, 0, 
0, 0, 0, 0, 0, 0, 0, 0, 0, 0, 0, 0, 0, 0, 0, 0, 
0, 0, 0, 0, 0, 0, 0, 0, 0, 0, 0, 0, 0, 0, 0, 0, 
0, 0, 0, 0, 0, 0, 0, 0,
0, 0, 0, 0, 0, 0, 0, 0, 0, 0, 0, 0, 0, 0, 0, 0, 
0, 0, 0, 0, 0, 0, 0, 0, 0, 0, 0, 0, 0, 0, 0, 0, 
0, 0, 0, 0, 0, 0, 0, 0, 0, 0, 0, 0, 0, 0, 0, 0, 
0, 0, 0, 0, 0, 0, 0, 0, 0, 0, 0, 0, 0, 0, 0, 0, 
0, 0, 0, 0, 0, 0, 0, 0, 0, 0, 0, 0, 0, 0, 0, 0, 
0, 0, 0, 0, 0, 0, 0, 0, 0, 0, 0, 0, 0, 0, 0, 0, 
0, 0, 0, 0, 0, 0, 0, 0, 0, 0, 0, 0, 0, 0, 0, 0, 
0, 0, 0, 0, 0, 0, 0, 0,
0, 0, 0, 0, 0, 0, 0, 0, 0, 0, 0, 0, 0, 0, 0, 0, 
0, 0, 0, 0, 0, 0, 0, 0, 0, 0, 0, 0, 0, 0, 0, 0, 
0, 0, 0, 0, 0, 0, 0, 0, 0, 0, 0, 0, 0, 0, 0, 0, 
0, 0, 0, 0, 0, 0, 0, 0, 0, 0, 0, 0, 0, 0, 0, 0, 
0, 0, 0, 0, 0, 0, 0, 0, 0, 0, 0, 0, 0, 0, 0, 0, 
0, 0, 0, 0, 0, 0, 0, 0, 0, 0, 0, 0, 0, 0, 0, 0, 
0, 0, 0, 0, 0, 0, 0, 0, 0, 0, 0, 0, 0, 0, 0, 0, 
0, 0, 0, 0, 0, 0, 0, 0,
0, 0, 0, 0, 0, 0, 0, 0, 0, 0, 0, 0, 0, 0, 0, 0, 
0, 0, 0, 0, 0, 0, 0, 0, 0, 0, 0, 0, 0, 0, 0, 0, 
0, 0, 0, 0, 0, 0, 0, 0, 0, 0, 0, 0, 0, 0, 0, 0, 
0, 0, 0, 0, 0, 0, 0, 0, 0, 0, 0, 0, 0, 0, 0, 0, 
0, 0, 0, 0, 0, 0, 0, 0, 0, 0, 0, 0, 0, 0, 0, 0, 
0, 0, 0, 0, 0, 0, 0, 0, 0, 0, 0, 0, 0, 0, 0, 0, 
0, 0, 0, 0, 0, 0, 0, 0, 0, 0, 0, 0, 0, 0, 0, 0, 
0, 0, 0, 0, 0, 0, 0, 0,
0, 0, 0, 0, 0, 0, 0, 0, 0, 0, 0, 0, 0, 0, 0, 0, 
0, 0, 0, 0, 0, 0, 0, 0, 0, 0, 0, 0, 0, 0, 0, 0, 
0, 0, 0, 0, 0, 0, 0, 0, 0, 0, 0, 0, 0, 0, 0, 0, 
0, 0, 0, 0, 0, 0, 0, 0, 0, 0, 0, 0, 0, 0, 0, 0, 
0, 0, 0, 0, 0, 0, 0, 0, 0, 0, 0, 0, 0, 0, 0, 0, 
0, 0, 0, 0, 0, 0, 0, 0, 0, 0, 0, 0, 0, 0, 0, 0, 
0, 0, 0, 0, 0, 0, 0, 0, 0, 0, 0, 0, 0, 0, 0, 0, 
0, 0, 0, 0, 0, 0, 0, 0,
0, 0, 0, 0, 0, 0, 0, 0, 0, 0, 0, 0, 0, 0, 0, 0, 
0, 0, 0, 0, 0, 0, 0, 0, 0, 0, 0, 0, 0, 0, 0, 0, 
0, 0, 0, 0, 0, 0, 0, 0, 0, 0, 0, 0, 0, 0, 0, 0, 
0, 0, 0, 0, 0, 0, 0, 0, 0, 0, 0, 0, 0, 0, 0, 0, 
0, 0, 0, 0, 0, 0, 0, 0, 0, 0, 0, 0, 0, 0, 0, 0, 
0, 0, 0, 0, 0, 0, 0, 0, 0, 0, 0, 0, 0, 0, 0, 0, 
0, 0, 0, 0, 0, 0, 0, 0, 0, 0, 0, 0, 0, 0, 0, 0, 
0, 0, 0, 0, 0, 0, 0, 0,
0, 0, 0, 0, 0, 0, 0, 0, 0, 0, 0, 0, 0, 0, 0, 0, 
0, 0, 0, 0, 0, 0, 0, 0, 0, 0, 0, 0, 0, 0, 0, 0, 
0, 0, 0, 0, 0, 0, 0, 0, 0, 0, 0, 0, 0, 0, 0, 0, 
0, 0, 0, 0, 0, 0, 0, 0, 0, 0, 0, 0, 0, 0, 0, 0, 
0, 0, 0, 0, 0, 0, 0, 0, 0, 0, 0, 0, 0, 0, 0, 0, 
0, 0, 0, 0, 0, 0, 0, 0, 0, 0, 0, 0, 0, 0, 0, 0, 
0, 0, 0, 0, 0, 0, 0, 0, 0, 0, 0, 0, 0, 0, 0, 0, 
0, 0, 0, 0, 0, 0, 0, 0,
0, 0, 0, 0, 0, 0, 0, 0, 0, 0, 0, 0, 0, 0, 0, 0, 
0, 0, 0, 0, 0, 0, 0, 0, 0, 0, 0, 0, 0, 0, 0, 0, 
0, 0, 0, 0, 0, 0, 0, 0, 0, 0, 0, 0, 0, 0, 0, 0, 
0, 0, 0, 0, 0, 0, 0, 0, 0, 0, 0, 0, 0, 0, 0, 0, 
0, 0, 0, 0, 0, 0, 0, 0, 0, 0, 0, 0, 0, 0, 0, 0, 
0, 0, 0, 0, 0, 0, 0, 0, 0, 0, 0, 0, 0, 0, 0, 0, 
0, 0, 0, 0, 0, 0, 0, 0, 0, 0, 0, 0, 0, 0, 0, 0, 
0, 0, 0, 0, 0, 0, 0, 0,
0, 0, 0, 0, 0, 0, 0, 0, 0, 0, 0, 0, 0, 0, 0, 0, 
0, 0, 0, 0, 0, 0, 0, 0, 0, 0, 0, 0, 0, 0, 0, 0, 
0, 0, 0, 0, 0, 0, 0, 0, 0, 0, 0, 0, 0, 0, 0, 0, 
0, 0, 0, 0, 0, 0, 0, 0, 0, 0, 0, 0, 0, 0, 0, 0, 
0, 0, 0, 0, 0, 0, 0, 0, 0, 0, 0, 0, 0, 0, 0, 0, 
0, 0, 0, 0, 0, 0, 0, 0, 0, 0, 0, 0, 0, 0, 0, 0, 
0, 0, 0, 0, 0, 0, 0, 0, 0, 0, 0, 0, 0, 0, 0, 0, 
0, 0, 0, 0, 0, 0, 0, 0,
0, 0, 0, 0, 0, 0, 0, 0, 0, 0, 0, 0, 0, 0, 0, 0, 
0, 0, 0, 0, 0, 0, 0, 0, 0, 0, 0, 0, 0, 0, 0, 0, 
0, 0, 0, 0, 0, 0, 0, 0, 0, 0, 0, 0, 0, 0, 0, 0, 
0, 0, 0, 0, 0, 0, 0, 0, 0, 0, 0, 0, 0, 0, 0, 0, 
0, 0, 0, 0, 0, 0, 0, 0, 0, 0, 0, 0, 0, 0, 0, 0, 
0, 0, 0, 0, 0, 0, 0, 0, 0, 0, 0, 0, 0, 0, 0, 0, 
0, 0, 0, 0, 0, 0, 0, 0, 0, 0, 0, 0, 0, 0, 0, 0, 
0, 0, 0, 0, 0, 0, 0, 0,
0, 0, 0, 0, 0, 0, 0, 0, 0, 0, 0, 0, 0, 0, 0, 0, 
0, 0, 0, 0, 0, 0, 0, 0, 0, 0, 0, 0, 0, 0, 0, 0, 
0, 0, 0, 0, 0, 0, 0, 0, 0, 0, 0, 0, 0, 0, 0, 0, 
0, 0, 0, 0, 0, 0, 0, 0, 0, 0, 0, 0, 0, 0, 0, 0, 
0, 0, 0, 0, 0, 0, 0, 0, 0, 0, 0, 0, 0, 0, 0, 0, 
0, 0, 0, 0, 0, 0, 0, 0, 0, 0, 0, 0, 0, 0, 0, 0, 
0, 0, 0, 0, 0, 0, 0, 0, 0, 0, 0, 0, 0, 0, 0, 0, 
0, 0, 0, 0, 0, 0, 0, 0,
0, 0, 0, 0, 0, 0, 0, 0, 0, 0, 0, 0, 0, 0, 0, 0, 
0, 0, 0, 0, 0, 0, 0, 0, 0, 0, 0, 0, 0, 0, 0, 0, 
0, 0, 0, 0, 0, 0, 0, 0, 0, 0, 0, 0, 0, 0, 0, 0, 
0, 0, 0, 0, 0, 0, 0, 0, 0, 0, 0, 0, 0, 0, 0, 0, 
0, 0, 0, 0, 0, 0, 0, 0, 0, 0, 0, 0, 0, 0, 0, 0, 
0, 0, 0, 0, 0, 0, 0, 0, 0, 0, 0, 0, 0, 0, 0, 0, 
0, 0, 0, 0, 0, 0, 0, 0, 0, 0, 0, 0, 0, 0, 0, 0, 
0, 0, 0, 0, 0, 0, 0, 0,
0, 0, 0, 0, 0, 0, 0, 0, 0, 0, 0, 0, 0, 0, 0, 0, 
0, 0, 0, 0, 0, 0, 0, 0, 0, 0, 0, 0, 0, 0, 0, 0, 
0, 0, 0, 0, 0, 0, 0, 0, 0, 0, 0, 0, 0, 0, 0, 0, 
0, 0, 0, 0, 0, 0, 0, 0, 0, 0, 0, 0, 0, 0, 0, 0, 
0, 0, 0, 0, 0, 0, 0, 0, 0, 0, 0, 0, 0, 0, 0, 0, 
0, 0, 0, 0, 0, 0, 0, 0, 0, 0, 0, 0, 0, 0, 0, 0, 
0, 0, 0, 0, 0, 0, 0, 0, 0, 0, 0, 0, 0, 0, 0, 0, 
0, 0, 0, 0, 0, 0, 0, 0,
0, 0, 0, 0, 0, 0, 0, 0, 0, 0, 0, 0, 0, 0, 0, 0, 
0, 0, 0, 0, 0, 0, 0, 0, 0, 0, 0, 0, 0, 0, 0, 0, 
0, 0, 0, 0, 0, 0, 0, 0, 0, 0, 0, 0, 0, 0, 0, 0, 
0, 0, 0, 0, 0, 0, 0, 0, 0, 0, 0, 0, 0, 0, 0, 0, 
0, 0, 0, 0, 0, 0, 0, 0, 0, 0, 0, 0, 0, 0, 0, 0, 
0, 0, 0, 0, 0, 0, 0, 0, 0, 0, 0, 0, 0, 0, 0, 0, 
0, 0, 0, 0, 0, 0, 0, 0, 0, 0, 0, 0, 0, 0, 0, 0, 
0, 0, 0, 0, 0, 0, 0, 0,
0, 0, 0, 0, 0, 0, 0, 0, 0, 0, 0, 0, 0, 0, 0, 0, 
0, 0, 0, 0, 0, 0, 0, 0, 0, 0, 46, 0, 0, 0, 0, 0, 
0, 0, 0, 0, 0, 0, 0, 0, 0, 0, 0, 0, 0, 0, 0, 0, 
0, 0, 0, 0, 0, 0, 0, 0, 0, 0, 0, 0, 0, 0, 0, 0, 
0, 0, 0, 0, 0, 0, 0, 0, 0, 0, 0, 0, 0, 0, 0, 0, 
0, 0, 0, 0, 0, 0, 0, 0, 0, 0, 0, 0, 0, 0, 0, 0, 
0, 0, 0, 0, 0, 0, 0, 0, 0, 0, 0, 0, 0, 0, 0, 0, 
0, 0, 0, 0, 0, 0, 0, 0,
0, 0, 0, 0, 0, 0, 0, 0, 0, 0, 0, 0, 0, 0, 0, 0, 
0, 0, 0, 0, 0, 0, 0, 0, 0, 0, 46, 0, 0, 0, 0, 0, 
0, 0, 0, 0, 0, 0, 0, 0, 0, 0, 0, 0, 0, 0, 0, 0, 
0, 0, 0, 0, 0, 0, 0, 0, 0, 0, 0, 0, 0, 0, 0, 0, 
0, 0, 0, 0, 0, 0, 0, 0, 0, 0, 0, 0, 0, 0, 0, 0, 
0, 0, 0, 0, 0, 0, 0, 0, 0, 0, 0, 0, 0, 0, 0, 0, 
0, 0, 0, 0, 0, 0, 0, 0, 0, 0, 0, 0, 0, 0, 0, 0, 
0, 0, 0, 0, 0, 0, 0, 0,
0, 0, 0, 0, 0, 0, 0, 0, 0, 0, 0, 0, 0, 0, 0, 0, 
0, 0, 0, 0, 0, 0, 0, 0, 0, 0, 0, 0, 0, 0, 0, 0, 
0, 0, 0, 0, 0, 0, 0, 0, 0, 0, 0, 0, 0, 0, 0, 0, 
0, 0, 0, 0, 0, 0, 0, 0, 0, 0, 0, 0, 0, 0, 0, 0, 
0, 0, 0, 0, 0, 0, 0, 0, 0, 0, 0, 0, 0, 0, 0, 0, 
0, 0, 0, 0, 0, 0, 0, 0, 0, 0, 0, 0, 0, 0, 0, 0, 
0, 0, 0, 0, 0, 0, 0, 0, 0, 0, 0, 0, 0, 0, 0, 0, 
0, 0, 0, 0, 0, 0, 0, 0,
0, 0, 0, 0, 0, 0, 0, 0, 0, 0, 0, 0, 0, 0, 0, 0, 
0, 0, 0, 0, 0, 0, 0, 0, 0, 0, 0, 0, 0, 0, 0, 0, 
0, 0, 0, 0, 0, 0, 0, 0, 0, 0, 0, 0, 0, 0, 0, 0, 
0, 0, 0, 0, 0, 0, 0, 0, 0, 0, 0, 0, 0, 0, 0, 0, 
0, 0, 0, 0, 0, 0, 0, 0, 0, 0, 0, 0, 0, 0, 0, 0, 
0, 0, 0, 0, 0, 0, 0, 0, 0, 0, 0, 0, 0, 0, 0, 0, 
0, 0, 0, 0, 0, 0, 0, 0, 0, 0, 0, 0, 0, 0, 0, 0, 
0, 0, 0, 0, 0, 0, 0, 0,
0, 0, 0, 0, 0, 0, 0, 0, 0, 0, 0, 0, 0, 0, 0, 0, 
0, 0, 0, 0, 0, 0, 0, 0, 0, 0, 0, 0, 0, 0, 0, 0, 
0, 0, 0, 0, 0, 0, 0, 0, 0, 0, 0, 0, 0, 0, 0, 0, 
0, 0, 0, 0, 0, 0, 0, 0, 0, 0, 0, 0, 0, 0, 0, 0, 
0, 0, 0, 0, 0, 0, 0, 0, 0, 0, 0, 0, 0, 0, 0, 0, 
0, 0, 0, 0, 0, 0, 0, 0, 0, 0, 0, 0, 0, 0, 0, 0, 
0, 0, 0, 0, 0, 0, 0, 0, 0, 0, 0, 0, 0, 0, 0, 0, 
0, 0, 0, 0, 0, 0, 0, 0,
0, 0, 0, 0, 0, 0, 0, 0, 0, 0, 0, 0, 0, 0, 0, 0, 
0, 0, 0, 0, 0, 0, 0, 0, 0, 0, 0, 0, 0, 0, 0, 0, 
0, 0, 0, 0, 0, 0, 0, 0, 0, 0, 0, 0, 0, 0, 0, 0, 
0, 0, 0, 0, 0, 0, 0, 0, 0, 0, 0, 0, 0, 0, 0, 0, 
0, 0, 0, 0, 0, 0, 0, 0, 0, 0, 0, 0, 0, 0, 0, 0, 
0, 0, 0, 0, 0, 0, 0, 0, 0, 0, 0, 0, 0, 0, 0, 0, 
0, 0, 0, 0, 0, 0, 0, 0, 0, 0, 0, 0, 0, 0, 0, 0, 
0, 0, 0, 0, 0, 0, 0, 0,
0, 0, 0, 0, 0, 0, 0, 0, 0, 0, 0, 0, 0, 0, 0, 0, 
0, 0, 0, 0, 0, 0, 0, 0, 0, 0, 0, 0, 0, 0, 0, 0, 
0, 0, 0, 0, 0, 0, 0, 0, 0, 0, 0, 0, 0, 0, 0, 0, 
0, 0, 0, 0, 0, 0, 0, 0, 0, 0, 0, 0, 0, 0, 0, 0, 
0, 0, 0, 0, 0, 0, 0, 0, 0, 0, 0, 0, 0, 0, 0, 0, 
0, 0, 0, 0, 0, 0, 0, 0, 0, 0, 0, 0, 0, 0, 0, 0, 
0, 0, 0, 0, 0, 0, 0, 0, 0, 0, 0, 0, 0, 0, 0, 0, 
0, 0, 0, 0, 0, 0, 0, 0,
0, 0, 0, 0, 0, 0, 0, 0, 0, 0, 0, 0, 0, 0, 0, 0, 
0, 0, 0, 0, 0, 0, 0, 0, 0, 0, 0, 0, 0, 0, 0, 0, 
0, 0, 0, 0, 0, 0, 0, 0, 0, 0, 0, 0, 0, 0, 0, 0, 
0, 0, 0, 0, 0, 0, 0, 0, 0, 0, 0, 0, 0, 0, 0, 0, 
0, 0, 0, 0, 0, 0, 0, 0, 0, 0, 0, 0, 0, 0, 0, 0, 
0, 0, 0, 0, 0, 0, 0, 0, 0, 0, 0, 0, 0, 0, 0, 0, 
0, 0, 0, 0, 0, 0, 0, 0, 0, 0, 0, 0, 0, 0, 0, 0, 
0, 0, 0, 0, 0, 0, 0, 0,
0, 0, 0, 0, 0, 0, 0, 0, 0, 0, 0, 0, 0, 0, 0, 0, 
0, 0, 0, 0, 0, 0, 0, 0, 0, 0, 0, 0, 0, 0, 0, 0, 
0, 0, 0, 0, 0, 0, 0, 0, 0, 0, 0, 0, 0, 0, 0, 0, 
0, 0, 0, 0, 0, 0, 0, 0, 0, 0, 0, 0, 0, 0, 0, 0, 
0, 0, 0, 0, 0, 0, 0, 0, 0, 0, 0, 0, 0, 0, 45, 0, 
0, 0, 0, 0, 0, 0, 0, 0, 0, 0, 0, 0, 0, 0, 0, 0, 
0, 0, 0, 0, 0, 0, 0, 0, 0, 0, 0, 0, 0, 0, 0, 0, 
0, 0, 0, 0, 0, 0, 0, 0,
0, 0, 0, 0, 0, 0, 0, 0, 0, 0, 0, 0, 0, 0, 0, 0, 
0, 0, 0, 0, 0, 0, 0, 0, 0, 0, 0, 0, 0, 0, 0, 0, 
0, 0, 0, 0, 0, 0, 0, 0, 0, 0, 0, 0, 0, 0, 0, 0, 
0, 0, 0, 0, 0, 0, 0, 0, 0, 0, 0, 0, 0, 0, 0, 0, 
0, 0, 0, 0, 0, 0, 0, 0, 0, 0, 0, 0, 0, 0, 0, 0, 
0, 0, 0, 0, 0, 0, 0, 0, 0, 0, 0, 0, 0, 0, 0, 0, 
0, 0, 0, 0, 0, 0, 0, 0, 0, 0, 0, 0, 0, 0, 0, 0, 
0, 0, 0, 0, 0, 0, 0, 0,
0, 0, 0, 0, 0, 0, 0, 0, 0, 0, 0, 0, 0, 0, 0, 0, 
0, 0, 0, 0, 0, 0, 0, 0, 0, 0, 0, 0, 0, 0, 0, 0, 
0, 0, 0, 0, 0, 0, 0, 0, 0, 0, 0, 0, 0, 0, 0, 0, 
0, 0, 0, 0, 0, 0, 0, 0, 0, 0, 0, 0, 0, 0, 0, 0, 
0, 0, 0, 0, 0, 0, 0, 0, 0, 0, 0, 0, 0, 0, 0, 0, 
0, 0, 0, 0, 0, 0, 0, 0, 0, 0, 0, 0, 0, 0, 0, 0, 
0, 0, 0, 0, 0, 0, 0, 0, 0, 0, 0, 0, 0, 0, 0, 0, 
0, 0, 0, 0, 0, 0, 0, 0,
0, 0, 0, 0, 0, 0, 0, 0, 0, 0, 0, 0, 0, 0, 0, 0, 
0, 0, 0, 0, 0, 0, 0, 0, 0, 0, 0, 0, 0, 0, 0, 0, 
0, 0, 0, 0, 0, 0, 0, 0, 0, 0, 0, 0, 0, 0, 0, 0, 
0, 0, 0, 0, 0, 0, 0, 0, 0, 0, 0, 0, 0, 0, 0, 0, 
0, 0, 0, 0, 0, 0, 0, 0, 0, 0, 0, 0, 0, 0, 0, 0, 
0, 0, 0, 0, 0, 0, 0, 0, 0, 0, 0, 0, 0, 0, 0, 0, 
0, 0, 0, 0, 0, 0, 0, 0, 0, 0, 0, 0, 0, 0, 0, 0, 
0, 0, 0, 0, 0, 0, 0, 0,
0, 0, 0, 0, 0, 0, 0, 0, 0, 0, 0, 0, 0, 0, 0, 0, 
0, 0, 0, 0, 0, 0, 0, 0, 0, 0, 0, 0, 0, 0, 0, 0, 
0, 0, 0, 0, 0, 0, 0, 0, 0, 0, 0, 0, 0, 0, 0, 0, 
0, 0, 0, 0, 0, 0, 0, 0, 0, 0, 0, 0, 0, 0, 0, 0, 
0, 0, 0, 0, 0, 0, 0, 0, 0, 0, 0, 0, 0, 0, 0, 0, 
0, 0, 0, 0, 0, 0, 0, 0, 0, 0, 0, 0, 0, 0, 0, 0, 
0, 0, 0, 0, 0, 0, 0, 0, 0, 0, 0, 0, 0, 0, 0, 0, 
0, 0, 0, 0, 0, 0, 0, 0,
0, 0, 0, 0, 0, 0, 47, 0, 0, 0, 0, 0, 0, 0, 0, 0, 
0, 0, 0, 0, 0, 0, 0, 0, 0, 0, 0, 0, 0, 0, 0, 0, 
0, 0, 0, 0, 0, 0, 0, 0, 0, 0, 0, 0, 0, 0, 0, 0, 
0, 0, 0, 0, 0, 0, 0, 0, 0, 0, 0, 0, 0, 0, 0, 0, 
0, 0, 0, 0, 0, 0, 0, 0, 0, 0, 0, 0, 0, 0, 0, 0, 
0, 0, 0, 0, 0, 0, 0, 0, 0, 0, 0, 0, 0, 0, 0, 0, 
0, 0, 0, 0, 0, 0, 0, 0, 0, 0, 0, 0, 0, 0, 0, 0, 
0, 0, 0, 46, 0, 0, 0, 0,
0, 0, 0, 0, 0, 0, 0, 0, 0, 0, 0, 0, 0, 0, 0, 0, 
0, 0, 0, 0, 0, 0, 0, 0, 0, 0, 0, 0, 0, 0, 0, 0, 
0, 0, 0, 0, 0, 0, 0, 0, 0, 0, 0, 0, 0, 0, 0, 0, 
0, 0, 0, 0, 0, 0, 0, 0, 0, 0, 0, 0, 0, 0, 0, 0, 
0, 0, 0, 0, 0, 0, 0, 0, 0, 0, 0, 0, 0, 0, 0, 0, 
0, 0, 0, 0, 0, 0, 0, 0, 0, 0, 0, 0, 0, 0, 0, 0, 
0, 0, 0, 0, 0, 0, 0, 0, 0, 0, 0, 0, 0, 0, 0, 0, 
0, 0, 0, 0, 0, 0, 0, 0,
0, 0, 0, 0, 0, 0, 0, 0, 0, 0, 0, 0, 0, 0, 0, 0, 
0, 0, 0, 0, 0, 0, 0, 0, 0, 0, 0, 0, 0, 0, 0, 0, 
0, 0, 0, 0, 0, 0, 0, 0, 0, 0, 0, 0, 0, 0, 0, 0, 
0, 0, 0, 0, 0, 0, 0, 0, 0, 0, 0, 0, 0, 0, 0, 0, 
0, 0, 0, 0, 0, 0, 0, 0, 0, 0, 0, 0, 46, 0, 0, 0, 
0, 0, 0, 0, 0, 0, 0, 0, 0, 0, 0, 0, 0, 0, 0, 0, 
0, 0, 0, 0, 0, 0, 0, 0, 0, 0, 0, 0, 0, 0, 0, 0, 
0, 0, 0, 0, 0, 0, 0, 0,
0, 0, 0, 0, 0, 0, 0, 0, 0, 0, 0, 0, 0, 0, 0, 0, 
0, 0, 0, 0, 0, 0, 0, 0, 0, 0, 0, 0, 0, 0, 0, 0, 
0, 0, 0, 0, 0, 0, 0, 0, 0, 0, 0, 0, 0, 0, 0, 0, 
0, 0, 0, 0, 0, 0, 0, 0, 0, 0, 0, 0, 0, 0, 0, 0, 
0, 0, 0, 0, 0, 0, 0, 0, 0, 0, 0, 0, 46, 0, 0, 0, 
0, 0, 0, 0, 0, 0, 0, 0, 0, 0, 0, 0, 0, 0, 0, 0, 
0, 0, 0, 0, 0, 0, 0, 0, 0, 0, 0, 0, 0, 0, 0, 0, 
0, 0, 0, 0, 0, 0, 0, 0,
0, 0, 0, 0, 0, 0, 0, 0, 0, 0, 0, 0, 0, 0, 0, 0, 
0, 0, 0, 0, 0, 0, 0, 0, 0, 0, 0, 0, 0, 0, 0, 0, 
0, 0, 0, 0, 0, 0, 0, 0, 0, 0, 0, 0, 0, 0, 0, 0, 
0, 0, 0, 0, 0, 0, 0, 0, 0, 0, 0, 0, 0, 0, 0, 0, 
0, 0, 0, 0, 0, 0, 0, 0, 0, 0, 0, 0, 46, 0, 0, 0, 
0, 0, 0, 0, 0, 0, 0, 0, 0, 0, 0, 0, 0, 0, 0, 0, 
0, 0, 0, 0, 0, 0, 0, 0, 0, 0, 0, 0, 0, 0, 0, 0, 
0, 0, 0, 0, 46, 0, 0, 0,
0, 0, 0, 0, 0, 0, 0, 0, 0, 0, 0, 0, 0, 0, 0, 0, 
0, 0, 0, 0, 0, 0, 0, 0, 0, 0, 0, 0, 0, 0, 0, 0, 
0, 0, 0, 0, 0, 0, 0, 0, 0, 0, 0, 0, 0, 0, 0, 0, 
0, 0, 0, 0, 0, 0, 0, 0, 0, 0, 0, 0, 0, 0, 0, 0, 
0, 0, 0, 0, 0, 0, 0, 0, 0, 0, 0, 0, 46, 0, 0, 0, 
0, 0, 0, 0, 0, 0, 0, 0, 0, 0, 0, 0, 0, 0, 0, 0, 
0, 0, 0, 0, 0, 0, 0, 0, 0, 0, 0, 0, 0, 0, 0, 0, 
0, 0, 0, 0, 46, 0, 0, 0,
0, 0, 0, 0, 0, 0, 0, 0, 0, 0, 0, 0, 0, 0, 0, 0, 
0, 0, 0, 0, 0, 0, 0, 0, 0, 0, 0, 0, 0, 0, 0, 0, 
0, 0, 0, 0, 0, 0, 0, 0, 0, 0, 0, 0, 0, 0, 0, 0, 
0, 0, 0, 0, 0, 0, 0, 0, 0, 0, 0, 0, 0, 0, 0, 0, 
0, 0, 0, 0, 0, 0, 0, 0, 0, 0, 0, 0, 46, 0, 0, 0, 
0, 0, 0, 0, 0, 0, 0, 0, 0, 0, 0, 0, 0, 0, 0, 0, 
0, 0, 0, 0, 0, 0, 0, 0, 0, 0, 0, 0, 0, 0, 0, 0, 
0, 0, 0, 0, 0, 0, 0, 0,
0, 0, 0, 0, 0, 0, 0, 0, 0, 0, 0, 0, 0, 0, 0, 0, 
0, 0, 0, 0, 0, 0, 0, 0, 0, 0, 0, 0, 0, 0, 0, 0, 
0, 0, 0, 0, 0, 0, 0, 0, 0, 0, 0, 0, 0, 0, 0, 0, 
0, 0, 0, 0, 0, 0, 0, 0, 0, 0, 0, 0, 0, 0, 0, 0, 
0, 0, 0, 0, 0, 0, 0, 0, 0, 0, 0, 0, 46, 0, 0, 0, 
0, 0, 0, 0, 0, 0, 0, 0, 0, 0, 0, 0, 0, 0, 0, 0, 
0, 46, 0, 0, 0, 0, 0, 0, 0, 0, 0, 0, 0, 0, 0, 0, 
0, 0, 0, 0, 0, 0, 0, 0,
0, 0, 0, 0, 0, 0, 0, 0, 0, 0, 0, 0, 0, 0, 0, 0, 
0, 0, 0, 0, 0, 0, 0, 0, 0, 0, 0, 0, 0, 0, 0, 0, 
0, 0, 0, 0, 0, 0, 0, 0, 0, 0, 0, 0, 0, 0, 0, 0, 
0, 0, 0, 0, 0, 0, 0, 0, 0, 0, 0, 0, 0, 0, 0, 0, 
0, 0, 0, 0, 0, 0, 0, 0, 0, 0, 0, 0, 0, 0, 0, 0, 
0, 0, 0, 0, 0, 0, 0, 0, 0, 0, 0, 0, 0, 0, 0, 0, 
0, 46, 0, 0, 0, 0, 0, 0, 0, 0, 0, 0, 0, 0, 0, 0, 
0, 0, 47, 0, 0, 0, 0, 0,
0, 0, 0, 0, 0, 0, 0, 0, 0, 0, 0, 0, 0, 0, 0, 0, 
0, 0, 0, 0, 0, 0, 0, 0, 0, 0, 0, 0, 0, 0, 0, 0, 
0, 0, 0, 0, 0, 0, 0, 0, 0, 0, 0, 0, 0, 0, 0, 0, 
0, 0, 0, 0, 0, 0, 0, 0, 0, 0, 0, 0, 0, 0, 0, 0, 
0, 0, 0, 0, 0, 0, 0, 0, 0, 0, 0, 0, 0, 0, 0, 0, 
0, 0, 0, 0, 0, 0, 0, 0, 0, 0, 0, 0, 0, 0, 0, 0, 
0, 0, 0, 0, 0, 0, 0, 0, 0, 0, 0, 0, 0, 0, 0, 0, 
0, 0, 0, 0, 0, 0, 0, 0,
0, 0, 0, 0, 0, 0, 0, 0, 0, 0, 0, 0, 0, 0, 0, 0, 
0, 0, 0, 0, 0, 0, 0, 0, 0, 0, 0, 0, 0, 0, 0, 0, 
0, 0, 0, 0, 0, 0, 0, 0, 0, 0, 0, 0, 0, 0, 0, 0, 
0, 0, 0, 0, 0, 0, 0, 0, 0, 0, 0, 0, 0, 0, 0, 0, 
0, 0, 0, 0, 0, 0, 0, 0, 0, 0, 0, 0, 0, 0, 0, 0, 
0, 0, 0, 0, 0, 0, 0, 0, 0, 0, 0, 0, 0, 0, 0, 0, 
0, 0, 0, 0, 0, 0, 0, 0, 0, 0, 0, 0, 0, 0, 0, 0, 
0, 0, 0, 0, 0, 0, 0, 0,
0, 0, 0, 0, 0, 0, 0, 0, 0, 0, 0, 0, 0, 0, 0, 0, 
0, 0, 0, 0, 0, 0, 0, 0, 0, 0, 0, 0, 0, 0, 0, 0, 
0, 0, 0, 0, 0, 0, 0, 0, 0, 0, 0, 0, 0, 0, 0, 0, 
0, 0, 0, 0, 0, 0, 0, 0, 0, 0, 0, 0, 0, 0, 0, 0, 
0, 0, 0, 0, 0, 0, 0, 0, 0, 0, 0, 0, 0, 0, 0, 0, 
0, 0, 0, 0, 0, 0, 0, 0, 0, 0, 0, 0, 0, 0, 0, 0, 
0, 0, 0, 0, 0, 0, 0, 0, 0, 0, 0, 0, 0, 0, 0, 0, 
0, 0, 0, 0, 0, 0, 0, 0,
0, 0, 0, 0, 0, 0, 0, 0, 0, 0, 0, 0, 0, 0, 0, 0, 
0, 0, 0, 0, 0, 0, 0, 0, 0, 0, 0, 0, 0, 0, 0, 0, 
0, 0, 0, 0, 0, 0, 0, 0, 0, 0, 0, 0, 0, 0, 0, 0, 
0, 0, 0, 0, 0, 0, 0, 0, 0, 0, 0, 0, 0, 0, 0, 0, 
0, 0, 0, 0, 0, 0, 0, 0, 0, 0, 0, 0, 0, 0, 0, 0, 
0, 0, 0, 0, 0, 0, 0, 0, 0, 0, 0, 0, 0, 0, 0, 0, 
0, 0, 0, 0, 0, 0, 0, 0, 0, 0, 0, 0, 0, 0, 0, 0, 
0, 0, 0, 0, 0, 0, 0, 0,
0, 0, 0, 0, 0, 0, 0, 0, 0, 0, 0, 0, 0, 0, 0, 0, 
0, 0, 0, 0, 0, 0, 0, 0, 0, 0, 0, 0, 0, 0, 0, 0, 
0, 0, 0, 0, 0, 0, 0, 0, 0, 0, 0, 0, 0, 0, 0, 0, 
0, 0, 0, 0, 0, 0, 0, 0, 0, 0, 0, 0, 0, 0, 0, 0, 
0, 0, 0, 0, 0, 0, 0, 0, 0, 0, 0, 0, 0, 0, 0, 0, 
0, 0, 0, 0, 0, 0, 0, 0, 0, 0, 0, 0, 0, 0, 0, 0, 
0, 0, 0, 0, 0, 0, 0, 0, 0, 0, 0, 0, 0, 0, 0, 0, 
0, 0, 45, 0, 0, 0, 0, 0,
0, 0, 0, 0, 0, 0, 0, 0, 0, 0, 0, 0, 0, 0, 0, 0, 
0, 0, 0, 0, 0, 0, 0, 0, 0, 0, 0, 0, 0, 0, 0, 0, 
0, 0, 0, 0, 0, 0, 0, 0, 0, 0, 0, 0, 0, 0, 0, 0, 
0, 0, 0, 0, 0, 0, 46, 0, 0, 0, 0, 0, 0, 0, 0, 0, 
0, 0, 0, 0, 0, 0, 0, 0, 0, 0, 0, 0, 0, 0, 0, 0, 
0, 0, 0, 0, 0, 0, 0, 0, 0, 0, 0, 0, 0, 0, 0, 0, 
0, 0, 0, 0, 0, 0, 0, 0, 0, 0, 0, 0, 0, 0, 0, 0, 
0, 0, 0, 0, 0, 0, 0, 0,
0, 0, 0, 0, 0, 0, 0, 0, 0, 0, 0, 0, 0, 0, 0, 0, 
0, 0, 0, 0, 0, 0, 0, 0, 0, 0, 0, 0, 0, 0, 0, 0, 
0, 0, 0, 0, 0, 0, 0, 0, 0, 0, 0, 0, 0, 0, 0, 0, 
0, 0, 0, 0, 0, 0, 0, 0, 0, 0, 0, 0, 0, 0, 0, 0, 
0, 0, 0, 0, 0, 0, 0, 0, 0, 0, 0, 0, 0, 0, 0, 0, 
0, 0, 0, 0, 0, 0, 0, 0, 0, 0, 0, 0, 0, 0, 0, 0, 
0, 0, 0, 0, 0, 0, 0, 0, 0, 0, 0, 0, 0, 0, 0, 0, 
0, 0, 0, 0, 0, 0, 0, 0,
0, 0, 0, 0, 0, 0, 0, 0, 0, 0, 0, 0, 0, 0, 0, 0, 
0, 0, 0, 0, 0, 0, 0, 0, 0, 0, 0, 0, 0, 0, 0, 0, 
0, 0, 0, 0, 0, 0, 0, 0, 0, 0, 0, 0, 0, 0, 0, 0, 
0, 0, 0, 0, 0, 0, 0, 0, 0, 0, 0, 0, 0, 0, 0, 0, 
0, 0, 0, 0, 0, 0, 0, 0, 0, 0, 0, 0, 0, 0, 0, 0, 
0, 0, 0, 0, 0, 0, 0, 0, 0, 0, 0, 0, 0, 0, 0, 0, 
0, 0, 0, 0, 0, 0, 0, 0, 0, 0, 0, 0, 0, 0, 0, 0, 
0, 0, 0, 0, 0, 0, 0, 0,
0, 0, 0, 0, 0, 0, 0, 0, 0, 0, 0, 0, 0, 0, 0, 0, 
0, 0, 0, 0, 0, 0, 0, 0, 0, 0, 0, 0, 0, 0, 0, 0, 
0, 0, 0, 0, 0, 0, 0, 0, 0, 0, 0, 0, 0, 0, 0, 0, 
0, 0, 0, 0, 0, 0, 0, 0, 0, 0, 0, 0, 0, 0, 0, 0, 
0, 0, 0, 0, 0, 0, 0, 0, 0, 0, 0, 0, 0, 0, 0, 0, 
0, 0, 0, 0, 0, 0, 0, 0, 0, 0, 0, 0, 0, 0, 0, 0, 
0, 0, 0, 0, 0, 0, 0, 0, 0, 0, 0, 0, 0, 0, 0, 0, 
0, 0, 0, 0, 0, 0, 0, 0,
0, 0, 0, 0, 0, 0, 0, 0, 0, 0, 0, 0, 0, 0, 0, 0, 
0, 0, 0, 0, 0, 0, 0, 0, 0, 0, 0, 0, 0, 0, 0, 0, 
0, 0, 0, 0, 0, 0, 0, 0, 0, 0, 0, 0, 0, 0, 0, 0, 
0, 0, 0, 0, 0, 0, 0, 0, 0, 46, 0, 0, 0, 0, 0, 0, 
0, 0, 0, 0, 0, 0, 0, 0, 0, 0, 0, 0, 0, 0, 0, 0, 
0, 0, 0, 0, 0, 0, 0, 0, 0, 0, 0, 0, 0, 0, 0, 0, 
0, 0, 0, 0, 0, 0, 0, 0, 0, 0, 0, 0, 0, 0, 0, 0, 
0, 0, 0, 0, 0, 0, 0, 0,
0, 0, 0, 0, 0, 0, 0, 0, 0, 0, 0, 0, 0, 0, 0, 0, 
0, 0, 0, 0, 0, 0, 0, 0, 0, 0, 0, 0, 0, 0, 0, 0, 
0, 0, 0, 0, 0, 0, 0, 0, 0, 0, 0, 0, 0, 0, 0, 0, 
0, 0, 0, 0, 0, 0, 0, 0, 0, 0, 0, 0, 0, 0, 0, 0, 
0, 0, 0, 0, 0, 0, 0, 0, 0, 0, 0, 0, 0, 0, 0, 0, 
0, 0, 0, 0, 0, 0, 0, 0, 0, 0, 0, 0, 0, 0, 0, 0, 
0, 0, 0, 0, 0, 0, 0, 0, 0, 0, 0, 0, 0, 0, 0, 0, 
0, 0, 0, 0, 0, 0, 0, 0,
0, 0, 0, 0, 0, 0, 0, 0, 0, 0, 0, 0, 0, 0, 0, 0, 
0, 0, 0, 0, 0, 0, 0, 0, 0, 0, 0, 0, 0, 0, 0, 0, 
0, 0, 0, 0, 0, 0, 0, 0, 0, 0, 0, 0, 0, 0, 0, 0, 
0, 0, 0, 0, 0, 0, 0, 0, 0, 0, 0, 0, 0, 0, 0, 0, 
0, 0, 0, 0, 0, 0, 0, 0, 0, 0, 0, 0, 0, 0, 0, 0, 
0, 0, 0, 0, 0, 0, 0, 0, 0, 0, 0, 0, 0, 0, 0, 0, 
0, 0, 0, 0, 0, 0, 0, 0, 0, 0, 0, 0, 0, 0, 0, 0, 
0, 0, 0, 0, 0, 0, 0, 0,
0, 0, 0, 0, 0, 0, 0, 0, 0, 0, 0, 0, 0, 0, 0, 0, 
0, 0, 0, 0, 0, 0, 0, 0, 0, 0, 0, 0, 0, 0, 0, 0, 
0, 0, 0, 0, 0, 0, 0, 0, 0, 0, 0, 0, 0, 0, 0, 0, 
0, 0, 0, 0, 0, 0, 0, 0, 0, 0, 0, 0, 0, 0, 0, 0, 
0, 0, 0, 0, 0, 0, 0, 0, 0, 0, 0, 0, 0, 0, 0, 0, 
0, 0, 0, 0, 0, 0, 0, 0, 0, 0, 0, 0, 0, 0, 0, 0, 
0, 0, 0, 0, 0, 0, 0, 0, 0, 0, 0, 0, 0, 0, 0, 0, 
0, 0, 0, 0, 0, 0, 0, 0,
0, 0, 0, 0, 0, 0, 0, 0, 0, 0, 0, 0, 0, 0, 0, 0, 
0, 0, 0, 0, 0, 0, 0, 0, 0, 0, 0, 0, 0, 0, 0, 0, 
0, 0, 0, 0, 0, 0, 0, 0, 0, 0, 0, 0, 0, 0, 0, 0, 
0, 0, 0, 0, 0, 0, 0, 0, 0, 0, 0, 0, 0, 0, 0, 0, 
0, 0, 0, 0, 0, 0, 0, 0, 0, 0, 0, 0, 0, 0, 0, 0, 
0, 0, 0, 0, 0, 0, 0, 0, 0, 0, 0, 0, 0, 0, 0, 0, 
0, 0, 0, 0, 0, 0, 0, 0, 0, 0, 0, 0, 0, 0, 0, 0, 
0, 0, 0, 0, 0, 0, 0, 0,
0, 0, 0, 0, 0, 0, 0, 0, 0, 0, 0, 0, 0, 0, 0, 0, 
0, 0, 0, 0, 0, 0, 0, 0, 0, 0, 0, 0, 0, 0, 0, 0, 
0, 0, 0, 0, 0, 0, 0, 0, 0, 0, 0, 0, 0, 0, 0, 0, 
0, 0, 0, 0, 0, 0, 0, 0, 0, 0, 0, 0, 0, 0, 0, 0, 
0, 0, 0, 0, 0, 0, 0, 0, 0, 0, 0, 0, 0, 0, 0, 0, 
0, 0, 0, 0, 0, 0, 0, 0, 0, 0, 0, 0, 0, 0, 0, 0, 
0, 0, 0, 0, 0, 0, 0, 0, 0, 0, 0, 0, 0, 0, 0, 0, 
0, 0, 0, 0, 0, 0, 0, 0,
0, 0, 0, 0, 0, 0, 0, 0, 0, 0, 0, 0, 0, 0, 0, 0, 
0, 0, 0, 0, 0, 0, 0, 0, 0, 0, 0, 0, 0, 0, 0, 0, 
0, 0, 0, 0, 0, 0, 0, 0, 0, 0, 0, 0, 0, 0, 0, 0, 
0, 0, 0, 0, 0, 0, 0, 0, 0, 0, 0, 0, 0, 0, 0, 0, 
0, 0, 0, 0, 0, 0, 0, 0, 0, 0, 0, 0, 0, 0, 0, 0, 
0, 0, 0, 0, 0, 0, 0, 0, 0, 0, 0, 0, 0, 0, 0, 0, 
0, 0, 0, 0, 0, 0, 0, 0, 0, 0, 0, 0, 0, 0, 0, 0, 
0, 0, 0, 0, 0, 0, 0, 0,
0, 0, 0, 0, 0, 0, 0, 0, 0, 0, 0, 0, 0, 0, 0, 0, 
0, 0, 0, 0, 0, 0, 0, 0, 0, 0, 0, 0, 0, 0, 0, 0, 
0, 0, 0, 0, 0, 0, 0, 0, 0, 0, 0, 0, 0, 0, 0, 0, 
0, 0, 0, 0, 0, 0, 0, 0, 0, 0, 0, 0, 0, 0, 0, 0, 
0, 0, 0, 0, 0, 0, 0, 0, 0, 0, 0, 0, 0, 0, 0, 0, 
0, 0, 0, 0, 0, 0, 0, 0, 0, 0, 0, 0, 0, 0, 0, 0, 
0, 0, 0, 0, 0, 0, 0, 0, 0, 0, 0, 0, 0, 0, 0, 0, 
0, 0, 0, 0, 0, 0, 0, 0,
0, 0, 0, 0, 0, 0, 0, 0, 0, 0, 0, 0, 0, 0, 0, 0, 
0, 0, 0, 0, 0, 0, 0, 0, 0, 0, 0, 0, 0, 0, 0, 0, 
0, 0, 0, 0, 0, 0, 0, 0, 0, 0, 0, 0, 0, 0, 0, 0, 
0, 0, 0, 0, 0, 0, 0, 0, 0, 0, 0, 0, 0, 0, 0, 0, 
0, 0, 0, 0, 0, 0, 0, 0, 0, 0, 0, 0, 0, 0, 0, 0, 
0, 0, 0, 0, 0, 0, 0, 0, 0, 0, 0, 0, 0, 0, 0, 0, 
0, 0, 0, 0, 0, 0, 0, 0, 0, 0, 0, 0, 0, 0, 0, 0, 
0, 0, 0, 0, 0, 0, 0, 0,
0, 0, 0, 0, 0, 0, 0, 0, 0, 0, 0, 0, 0, 0, 0, 0, 
0, 0, 0, 0, 0, 0, 0, 0, 0, 0, 0, 0, 0, 0, 0, 0, 
0, 0, 0, 0, 0, 0, 0, 0, 0, 0, 0, 0, 0, 0, 0, 0, 
0, 0, 0, 0, 0, 0, 0, 0, 0, 0, 0, 0, 0, 0, 0, 0, 
0, 0, 0, 0, 0, 0, 0, 0, 0, 0, 0, 0, 0, 0, 0, 0, 
0, 0, 0, 0, 0, 0, 0, 0, 0, 0, 0, 0, 0, 0, 0, 0, 
0, 0, 0, 0, 0, 0, 0, 0, 0, 0, 0, 0, 0, 0, 0, 0, 
0, 0, 0, 0, 0, 0, 0, 0,
0, 0, 0, 0, 0, 0, 0, 0, 0, 0, 0, 0, 0, 0, 0, 0, 
0, 0, 0, 0, 0, 0, 0, 0, 0, 0, 0, 0, 0, 0, 0, 0, 
0, 0, 0, 0, 0, 0, 0, 0, 0, 0, 0, 0, 0, 0, 0, 0, 
0, 0, 0, 0, 0, 0, 0, 0, 0, 0, 0, 0, 0, 0, 0, 0, 
0, 0, 0, 0, 0, 0, 0, 0, 0, 0, 0, 0, 0, 0, 0, 0, 
0, 0, 0, 0, 0, 0, 0, 0, 0, 0, 0, 0, 0, 0, 0, 0, 
0, 0, 0, 0, 0, 0, 0, 0, 0, 0, 0, 0, 0, 0, 0, 0, 
0, 0, 0, 0, 0, 0, 0, 0,
0, 0, 0, 0, 0, 0, 0, 0, 0, 0, 0, 0, 0, 0, 0, 0, 
0, 0, 0, 0, 0, 0, 0, 0, 0, 0, 0, 0, 0, 0, 0, 0, 
0, 0, 0, 0, 0, 0, 0, 0, 0, 0, 0, 0, 0, 0, 0, 0, 
0, 0, 0, 0, 0, 0, 0, 0, 0, 0, 0, 0, 0, 0, 0, 0, 
0, 0, 0, 0, 0, 0, 0, 0, 0, 0, 0, 0, 0, 0, 0, 0, 
0, 0, 0, 0, 0, 0, 0, 0, 0, 0, 0, 0, 0, 0, 0, 0, 
0, 0, 0, 0, 0, 0, 0, 0, 0, 0, 0, 0, 0, 0, 0, 0, 
0, 0, 0, 0, 0, 0, 0, 0,
0, 0, 0, 0, 0, 0, 0, 0, 0, 0, 0, 0, 0, 0, 0, 0, 
0, 0, 0, 0, 0, 0, 0, 0, 0, 0, 0, 0, 0, 0, 0, 0, 
0, 0, 0, 0, 0, 0, 0, 0, 0, 0, 0, 0, 0, 0, 0, 0, 
0, 0, 0, 0, 0, 0, 0, 0, 0, 0, 0, 0, 0, 0, 0, 0, 
0, 0, 0, 0, 0, 0, 0, 0, 0, 0, 0, 0, 0, 0, 0, 0, 
0, 0, 0, 0, 0, 0, 0, 0, 0, 0, 0, 0, 0, 0, 0, 0, 
0, 0, 0, 0, 0, 0, 0, 0, 0, 0, 0, 0, 0, 0, 0, 0, 
0, 0, 0, 0, 0, 0, 0, 0,
0, 0, 0, 0, 0, 0, 0, 0, 0, 0, 0, 0, 0, 0, 0, 0, 
0, 0, 0, 0, 0, 0, 0, 0, 0, 0, 0, 0, 0, 0, 0, 0, 
0, 0, 0, 0, 0, 0, 0, 0, 0, 0, 0, 0, 0, 0, 0, 0, 
0, 0, 0, 0, 0, 0, 0, 0, 0, 0, 0, 0, 0, 0, 0, 0, 
0, 0, 0, 0, 0, 0, 0, 0, 0, 0, 0, 0, 0, 0, 0, 0, 
0, 0, 0, 0, 0, 0, 0, 0, 0, 0, 0, 0, 0, 0, 0, 0, 
0, 0, 0, 0, 0, 0, 0, 0, 0, 0, 0, 0, 0, 0, 0, 0, 
0, 0, 0, 0, 0, 0, 0, 0,
0, 0, 0, 0, 0, 0, 0, 0, 0, 0, 0, 0, 0, 0, 0, 0, 
0, 0, 0, 0, 0, 0, 0, 0, 0, 0, 0, 0, 0, 0, 0, 0, 
0, 0, 0, 0, 0, 0, 0, 0, 0, 0, 0, 0, 0, 0, 0, 0, 
0, 0, 0, 0, 0, 0, 0, 0, 0, 0, 0, 0, 0, 0, 0, 0, 
0, 0, 0, 0, 0, 0, 0, 0, 0, 0, 0, 0, 0, 0, 0, 0, 
0, 0, 0, 0, 0, 0, 0, 0, 0, 0, 0, 0, 0, 0, 0, 0, 
0, 0, 0, 0, 0, 0, 0, 0, 0, 0, 0, 0, 0, 0, 0, 0, 
0, 0, 0, 0, 0, 0, 0, 0,
0, 0, 0, 0, 0, 0, 0, 0, 0, 0, 0, 0, 0, 0, 0, 0, 
0, 0, 0, 0, 0, 0, 0, 0, 0, 0, 0, 0, 0, 0, 0, 0, 
0, 0, 0, 0, 0, 0, 0, 0, 0, 0, 0, 0, 0, 0, 0, 0, 
0, 0, 0, 0, 0, 0, 0, 0, 0, 0, 0, 0, 0, 0, 0, 0, 
0, 0, 0, 0, 0, 0, 0, 0, 0, 0, 0, 0, 0, 0, 0, 0, 
0, 0, 0, 0, 0, 0, 0, 0, 0, 0, 0, 0, 0, 0, 0, 0, 
0, 0, 0, 0, 0, 0, 0, 0, 0, 0, 0, 0, 0, 0, 0, 0, 
0, 0, 0, 0, 0, 0, 0, 0,
0, 0, 0, 0, 0, 0, 0, 0, 0, 0, 0, 0, 0, 0, 0, 0, 
0, 0, 0, 0, 0, 0, 0, 0, 0, 0, 0, 0, 0, 0, 0, 0, 
0, 0, 0, 0, 0, 0, 0, 0, 0, 0, 0, 0, 47, 0, 0, 0, 
0, 0, 0, 0, 0, 0, 0, 0, 0, 0, 0, 0, 0, 0, 0, 0, 
0, 0, 0, 0, 0, 0, 0, 0, 0, 0, 0, 0, 0, 0, 0, 0, 
0, 0, 0, 0, 0, 0, 0, 0, 0, 0, 0, 0, 0, 0, 0, 0, 
0, 0, 0, 0, 0, 0, 0, 0, 0, 0, 0, 0, 0, 0, 0, 0, 
0, 0, 0, 0, 0, 0, 0, 0,
0, 0, 0, 0, 0, 0, 0, 0, 0, 0, 0, 0, 0, 0, 0, 0, 
0, 0, 0, 0, 0, 0, 0, 0, 0, 0, 0, 0, 0, 0, 0, 0, 
0, 0, 0, 0, 0, 0, 0, 0, 0, 0, 0, 0, 0, 0, 0, 0, 
0, 0, 0, 0, 0, 0, 0, 0, 0, 0, 0, 0, 0, 0, 0, 0, 
0, 0, 0, 0, 0, 0, 0, 0, 0, 0, 0, 0, 0, 0, 0, 0, 
0, 0, 0, 0, 0, 0, 0, 0, 0, 0, 0, 0, 0, 0, 0, 0, 
0, 0, 0, 0, 0, 0, 0, 0, 0, 0, 0, 0, 0, 0, 0, 0, 
0, 0, 0, 0, 0, 0, 0, 0,
0, 0, 0, 0, 0, 0, 0, 0, 0, 0, 0, 0, 0, 0, 0, 0, 
0, 0, 0, 0, 0, 0, 0, 0, 0, 0, 0, 0, 0, 0, 0, 0, 
0, 0, 0, 0, 0, 0, 0, 0, 0, 0, 0, 0, 0, 0, 0, 0, 
0, 0, 0, 0, 0, 0, 0, 0, 0, 0, 0, 0, 0, 0, 0, 0, 
0, 0, 0, 0, 0, 0, 0, 0, 0, 0, 0, 0, 0, 0, 0, 0, 
0, 0, 0, 0, 0, 0, 0, 0, 0, 0, 0, 0, 0, 0, 0, 0, 
0, 0, 0, 0, 0, 0, 0, 0, 0, 0, 0, 0, 0, 0, 0, 0, 
0, 0, 0, 0, 0, 0, 0, 0,
0, 0, 0, 0, 0, 0, 0, 0, 0, 0, 0, 0, 0, 0, 0, 0, 
0, 0, 0, 0, 0, 0, 0, 0, 0, 0, 0, 0, 0, 0, 0, 0, 
0, 0, 0, 0, 0, 0, 0, 0, 0, 0, 0, 0, 0, 0, 0, 0, 
0, 0, 0, 0, 0, 0, 0, 0, 0, 0, 0, 0, 0, 0, 0, 0, 
0, 0, 0, 0, 0, 0, 0, 0, 0, 0, 0, 0, 0, 0, 0, 0, 
0, 0, 0, 0, 0, 0, 0, 0, 0, 0, 0, 0, 0, 0, 0, 0, 
0, 0, 0, 0, 0, 0, 0, 0, 0, 0, 0, 0, 0, 0, 0, 0, 
0, 0, 0, 0, 0, 0, 0, 0,
0, 0, 0, 0, 0, 0, 0, 0, 0, 0, 0, 0, 0, 0, 0, 0, 
0, 0, 0, 0, 0, 0, 0, 0, 0, 0, 0, 0, 0, 0, 0, 0, 
0, 0, 0, 0, 0, 0, 0, 0, 0, 0, 0, 0, 0, 0, 0, 0, 
0, 0, 0, 0, 0, 0, 0, 0, 0, 0, 0, 0, 0, 0, 0, 0, 
0, 0, 0, 0, 0, 0, 0, 0, 0, 0, 0, 0, 0, 0, 0, 0, 
0, 0, 0, 0, 0, 0, 0, 0, 0, 0, 0, 0, 0, 0, 0, 0, 
0, 0, 0, 0, 0, 0, 0, 0, 0, 0, 0, 0, 0, 0, 0, 0, 
0, 0, 0, 0, 0, 0, 0, 0,
0, 0, 0, 0, 0, 0, 0, 0, 0, 0, 0, 0, 0, 0, 0, 0, 
0, 0, 0, 0, 0, 0, 0, 0, 0, 0, 0, 0, 0, 0, 0, 0, 
0, 0, 0, 0, 0, 0, 0, 0, 0, 0, 0, 0, 0, 0, 0, 0, 
0, 0, 0, 0, 0, 0, 0, 0, 0, 0, 0, 0, 0, 0, 0, 0, 
0, 0, 0, 0, 0, 0, 0, 0, 0, 0, 0, 0, 0, 0, 0, 0, 
0, 0, 0, 0, 0, 0, 0, 0, 0, 0, 0, 0, 0, 0, 0, 0, 
0, 0, 0, 0, 0, 0, 0, 0, 0, 0, 0, 0, 0, 0, 0, 0, 
0, 0, 0, 0, 0, 0, 0, 0,
0, 0, 0, 0, 0, 0, 0, 0, 0, 0, 0, 0, 0, 0, 0, 0, 
0, 0, 0, 0, 0, 0, 0, 0, 0, 0, 0, 0, 0, 0, 0, 0, 
0, 0, 0, 0, 0, 0, 0, 0, 0, 0, 0, 0, 0, 0, 0, 0, 
0, 0, 0, 0, 0, 0, 0, 0, 0, 0, 0, 0, 0, 0, 0, 0, 
0, 0, 0, 0, 0, 0, 0, 0, 0, 0, 0, 0, 0, 0, 0, 0, 
0, 0, 0, 0, 0, 0, 0, 0, 0, 0, 0, 0, 0, 0, 0, 0, 
0, 0, 0, 0, 0, 0, 0, 0, 0, 0, 0, 0, 0, 0, 0, 0, 
0, 0, 0, 0, 0, 0, 0, 0,
0, 0, 0, 0, 0, 0, 0, 0, 0, 0, 0, 0, 0, 0, 0, 0, 
0, 0, 0, 0, 0, 0, 0, 0, 0, 0, 0, 0, 0, 0, 0, 0, 
0, 0, 0, 0, 0, 0, 0, 0, 0, 0, 0, 0, 0, 0, 0, 0, 
0, 0, 0, 0, 0, 0, 0, 0, 0, 0, 0, 0, 0, 0, 0, 0, 
0, 0, 0, 0, 0, 0, 0, 0, 0, 0, 0, 0, 0, 0, 0, 0, 
0, 0, 0, 0, 0, 0, 0, 0, 0, 0, 0, 0, 0, 0, 0, 0, 
0, 0, 0, 0, 0, 0, 0, 0, 0, 0, 0, 0, 0, 0, 0, 0, 
0, 0, 0, 0, 0, 0, 0, 0,
0, 0, 0, 0, 0, 0, 0, 0, 0, 0, 0, 0, 0, 0, 0, 0, 
0, 0, 0, 0, 0, 0, 0, 0, 0, 0, 0, 0, 0, 0, 0, 0, 
0, 0, 0, 0, 0, 0, 0, 0, 0, 0, 0, 0, 0, 0, 0, 0, 
0, 0, 0, 0, 0, 0, 0, 0, 0, 0, 0, 0, 0, 0, 0, 0, 
0, 0, 0, 0, 0, 0, 0, 0, 0, 0, 0, 0, 0, 0, 0, 0, 
0, 0, 0, 0, 0, 0, 0, 0, 0, 0, 0, 0, 0, 0, 0, 0, 
0, 0, 0, 0, 0, 0, 0, 0, 0, 0, 0, 0, 0, 0, 0, 0, 
0, 0, 0, 0, 0, 0, 0, 0,
0, 0, 0, 0, 0, 0, 0, 0, 0, 0, 0, 0, 0, 0, 0, 0, 
0, 0, 0, 0, 0, 0, 0, 0, 0, 0, 0, 0, 0, 0, 0, 0, 
0, 0, 0, 0, 0, 0, 0, 0, 0, 0, 0, 0, 0, 0, 0, 0, 
0, 0, 0, 0, 0, 0, 0, 0, 0, 0, 0, 0, 0, 0, 0, 0, 
0, 0, 0, 0, 0, 0, 0, 0, 0, 0, 0, 0, 0, 0, 0, 0, 
0, 0, 0, 0, 0, 0, 0, 0, 0, 0, 0, 0, 0, 0, 0, 0, 
0, 0, 0, 0, 0, 0, 0, 0, 0, 0, 0, 0, 0, 0, 0, 0, 
0, 0, 0, 0, 0, 0, 0, 0,
0, 0, 0, 0, 0, 0, 0, 0, 0, 0, 0, 0, 0, 0, 0, 0, 
0, 0, 0, 0, 0, 0, 0, 0, 0, 0, 0, 0, 0, 0, 0, 0, 
0, 0, 0, 0, 0, 0, 0, 0, 0, 0, 0, 0, 0, 0, 0, 0, 
0, 0, 0, 0, 0, 0, 0, 0, 0, 0, 0, 0, 0, 0, 0, 0, 
0, 0, 0, 0, 0, 0, 0, 0, 0, 0, 0, 0, 0, 0, 0, 0, 
0, 0, 0, 0, 0, 0, 0, 0, 0, 0, 0, 0, 0, 0, 0, 0, 
0, 0, 0, 0, 0, 0, 0, 0, 0, 0, 0, 0, 0, 0, 0, 0, 
0, 0, 0, 0, 0, 0, 0, 0,
0, 0, 0, 0, 0, 0, 0, 0, 0, 0, 0, 0, 0, 0, 0, 0, 
0, 0, 0, 0, 0, 0, 0, 0, 0, 0, 0, 0, 0, 0, 0, 0, 
0, 0, 0, 0, 0, 0, 0, 0, 0, 0, 0, 0, 0, 0, 0, 0, 
0, 0, 0, 0, 0, 0, 0, 0, 0, 0, 0, 0, 0, 0, 0, 0, 
0, 0, 0, 0, 0, 0, 0, 0, 0, 0, 0, 0, 0, 0, 0, 0, 
0, 0, 0, 0, 0, 0, 0, 0, 0, 0, 0, 0, 0, 0, 0, 0, 
0, 0, 0, 0, 0, 0, 0, 0, 0, 0, 0, 0, 0, 0, 0, 0, 
0, 0, 0, 0, 0, 0, 0, 0,
0, 0, 0, 0, 0, 0, 0, 0, 0, 0, 0, 0, 0, 0, 0, 0, 
0, 0, 0, 0, 0, 0, 0, 0, 0, 0, 0, 0, 0, 0, 0, 0, 
0, 0, 0, 0, 0, 0, 0, 0, 0, 0, 0, 0, 0, 0, 0, 0, 
0, 0, 0, 0, 0, 0, 0, 0, 0, 0, 0, 0, 0, 0, 0, 0, 
0, 0, 0, 0, 0, 0, 0, 0, 0, 0, 0, 0, 0, 0, 0, 0, 
0, 0, 0, 0, 0, 0, 0, 0, 0, 0, 0, 0, 0, 0, 0, 0, 
0, 0, 0, 0, 0, 0, 0, 0, 0, 0, 0, 0, 0, 0, 0, 0, 
0, 0, 0, 0, 0, 0, 0, 0,
0, 0, 0, 0, 0, 0, 0, 0, 0, 0, 0, 0, 0, 0, 0, 0, 
0, 0, 45, 0, 0, 0, 0, 0, 0, 0, 0, 0, 0, 0, 0, 0, 
0, 0, 0, 0, 0, 0, 0, 0, 0, 45, 0, 0, 0, 0, 0, 0, 
0, 0, 0, 0, 0, 0, 0, 0, 0, 0, 0, 0, 0, 0, 0, 0, 
0, 0, 0, 0, 0, 0, 0, 0, 0, 0, 0, 0, 0, 0, 0, 0, 
0, 0, 0, 0, 0, 0, 0, 0, 0, 0, 0, 0, 0, 0, 0, 0, 
0, 0, 0, 0, 0, 0, 0, 0, 0, 0, 0, 0, 0, 0, 0, 0, 
0, 0, 0, 0, 0, 0, 0, 0,
0, 0, 0, 0, 0, 0, 0, 0, 0, 0, 0, 0, 0, 0, 0, 0, 
0, 0, 0, 0, 0, 0, 0, 0, 0, 0, 0, 0, 0, 0, 0, 0, 
0, 0, 0, 0, 0, 0, 0, 0, 0, 0, 0, 0, 0, 0, 0, 0, 
0, 0, 0, 0, 0, 0, 0, 0, 0, 0, 0, 0, 0, 0, 0, 0, 
0, 0, 0, 0, 0, 0, 0, 0, 0, 0, 0, 0, 0, 0, 0, 0, 
0, 0, 0, 0, 0, 0, 0, 0, 0, 0, 0, 0, 0, 0, 0, 0, 
0, 0, 0, 0, 0, 0, 0, 0, 0, 0, 0, 0, 0, 0, 0, 0, 
0, 0, 0, 0, 0, 0, 0, 0
};

