const short map0[9360] = {
49, 50, 51, 52, 49, 50, 51, 52, 49, 50, 51, 52, 49, 50, 51, 52, 
49, 50, 51, 52, 57, 58, 59, 60, 57, 58, 59, 60, 57, 58, 59, 60, 
57, 58, 59, 60, 57, 58, 59, 60, 53, 54, 55, 56, 53, 54, 55, 56, 
53, 54, 55, 56, 53, 54, 55, 56, 53, 54, 55, 56, 49, 50, 51, 52, 
49, 50, 51, 52, 49, 50, 51, 52, 49, 50, 51, 52, 49, 50, 51, 52, 
61, 61, 61, 61, 61, 61, 61, 61, 61, 61, 61, 61, 61, 58, 59, 60, 
57, 58, 59, 60, 53, 54, 55, 56, 53, 54, 55, 56, 53, 54, 55, 56, 
53, 54, 55, 56, 53, 54, 55, 56,
53, 54, 55, 56, 53, 54, 55, 56, 53, 54, 55, 56, 53, 54, 55, 56, 
53, 54, 55, 56, 49, 50, 51, 52, 49, 50, 51, 52, 49, 50, 51, 52, 
49, 50, 51, 52, 49, 50, 51, 52, 57, 58, 59, 60, 57, 58, 59, 60, 
57, 58, 59, 60, 57, 58, 59, 60, 57, 58, 59, 60, 53, 54, 55, 56, 
53, 54, 55, 56, 53, 54, 55, 56, 53, 54, 55, 56, 53, 54, 55, 56, 
61, 61, 62, 63, 61, 62, 63, 61, 61, 61, 61, 61, 49, 50, 51, 52, 
49, 50, 51, 52, 57, 58, 59, 60, 57, 58, 59, 60, 57, 58, 59, 60, 
57, 58, 59, 60, 57, 58, 59, 60,
57, 58, 59, 60, 57, 58, 59, 60, 57, 58, 59, 60, 57, 58, 59, 60, 
57, 58, 59, 60, 53, 54, 55, 56, 53, 54, 55, 56, 53, 54, 55, 56, 
53, 54, 55, 56, 53, 54, 55, 56, 49, 50, 51, 52, 49, 50, 51, 52, 
49, 50, 51, 52, 49, 50, 51, 52, 49, 50, 51, 52, 57, 58, 59, 60, 
57, 58, 59, 60, 57, 58, 59, 60, 57, 58, 59, 60, 57, 58, 59, 60, 
61, 61, 61, 61, 62, 63, 61, 62, 63, 61, 61, 56, 53, 54, 55, 56, 
53, 54, 55, 56, 49, 50, 51, 52, 49, 50, 51, 52, 49, 50, 51, 52, 
49, 50, 51, 52, 49, 50, 51, 52,
49, 50, 51, 52, 49, 50, 51, 52, 49, 50, 51, 52, 49, 50, 51, 52, 
49, 50, 51, 52, 57, 58, 59, 60, 57, 58, 59, 60, 57, 58, 59, 60, 
57, 58, 59, 60, 57, 58, 59, 60, 53, 54, 55, 56, 53, 54, 55, 56, 
53, 54, 55, 56, 53, 54, 55, 56, 53, 54, 55, 56, 49, 50, 51, 52, 
49, 50, 51, 52, 49, 50, 51, 52, 49, 50, 51, 52, 49, 50, 51, 52, 
61, 61, 61, 61, 61, 61, 61, 61, 61, 61, 61, 60, 57, 58, 59, 60, 
57, 58, 59, 60, 53, 54, 55, 56, 53, 54, 55, 56, 53, 54, 55, 56, 
53, 54, 55, 56, 53, 54, 55, 56,
53, 54, 55, 56, 53, 54, 55, 56, 53, 54, 55, 56, 53, 54, 55, 56, 
53, 54, 61, 56, 49, 50, 51, 52, 49, 50, 51, 52, 49, 50, 51, 52, 
49, 50, 51, 52, 49, 50, 51, 52, 57, 58, 59, 60, 57, 58, 59, 60, 
57, 58, 59, 60, 57, 58, 59, 60, 57, 58, 59, 60, 53, 54, 55, 56, 
53, 54, 55, 56, 53, 54, 55, 56, 53, 54, 55, 56, 53, 54, 55, 56, 
61, 61, 61, 62, 63, 61, 62, 63, 61, 61, 51, 61, 49, 50, 51, 52, 
49, 50, 51, 52, 57, 58, 59, 60, 57, 58, 59, 60, 57, 58, 59, 60, 
57, 58, 59, 60, 57, 58, 59, 60,
57, 58, 59, 60, 57, 58, 59, 60, 57, 58, 59, 60, 57, 58, 59, 60, 
57, 61, 61, 61, 53, 54, 55, 56, 53, 54, 55, 56, 53, 54, 55, 56, 
53, 54, 55, 56, 53, 54, 55, 56, 49, 50, 51, 52, 49, 50, 51, 52, 
49, 50, 51, 52, 49, 50, 51, 52, 49, 50, 51, 52, 57, 58, 59, 60, 
57, 58, 59, 60, 57, 58, 59, 60, 57, 58, 59, 60, 57, 58, 59, 61, 
61, 61, 61, 61, 61, 61, 61, 61, 61, 61, 55, 56, 53, 54, 55, 56, 
53, 54, 55, 56, 49, 50, 51, 52, 49, 50, 51, 52, 49, 50, 51, 52, 
49, 50, 51, 52, 49, 50, 51, 52,
49, 50, 51, 52, 49, 50, 51, 52, 49, 50, 51, 52, 49, 50, 51, 52, 
49, 61, 61, 61, 61, 58, 61, 60, 57, 58, 59, 60, 57, 58, 59, 60, 
57, 58, 59, 60, 57, 58, 59, 60, 53, 54, 55, 56, 53, 54, 55, 56, 
53, 54, 55, 56, 53, 54, 55, 56, 53, 54, 55, 56, 49, 50, 51, 52, 
49, 50, 51, 52, 49, 50, 51, 52, 49, 50, 51, 52, 49, 50, 51, 61, 
61, 61, 62, 63, 61, 61, 61, 61, 61, 61, 59, 60, 57, 58, 59, 60, 
57, 58, 59, 60, 53, 54, 55, 56, 53, 54, 55, 56, 53, 54, 55, 56, 
53, 54, 55, 56, 53, 54, 55, 56,
53, 54, 55, 56, 53, 54, 55, 56, 53, 54, 55, 56, 53, 54, 55, 56, 
61, 61, 61, 61, 61, 61, 51, 52, 61, 50, 51, 52, 49, 50, 51, 52, 
49, 50, 51, 52, 49, 50, 51, 52, 57, 58, 59, 60, 57, 58, 59, 60, 
57, 58, 59, 60, 57, 58, 59, 60, 57, 58, 59, 60, 53, 54, 55, 56, 
53, 54, 55, 56, 53, 54, 55, 56, 53, 54, 55, 56, 53, 54, 55, 61, 
61, 61, 62, 63, 61, 61, 61, 62, 63, 61, 61, 61, 49, 50, 51, 52, 
49, 50, 51, 52, 57, 58, 59, 60, 57, 58, 59, 60, 57, 58, 59, 60, 
57, 58, 59, 60, 57, 58, 59, 60,
57, 58, 59, 60, 57, 58, 59, 60, 57, 58, 59, 60, 57, 58, 59, 61, 
61, 62, 63, 61, 61, 61, 61, 61, 53, 61, 55, 56, 53, 54, 55, 56, 
53, 54, 55, 56, 53, 54, 55, 56, 49, 50, 51, 52, 49, 50, 51, 52, 
49, 50, 51, 52, 49, 50, 51, 52, 49, 50, 51, 52, 57, 58, 59, 60, 
57, 58, 59, 60, 57, 58, 59, 60, 57, 58, 59, 60, 57, 58, 59, 61, 
61, 61, 61, 61, 61, 61, 61, 61, 61, 61, 61, 56, 53, 54, 55, 56, 
53, 54, 55, 56, 49, 50, 51, 52, 49, 50, 51, 52, 49, 50, 51, 52, 
49, 50, 51, 52, 49, 50, 51, 52,
49, 50, 51, 52, 49, 50, 51, 52, 49, 50, 51, 52, 49, 50, 51, 52, 
61, 61, 61, 61, 62, 63, 61, 61, 61, 58, 59, 60, 57, 58, 59, 60, 
57, 58, 59, 60, 57, 58, 59, 60, 53, 54, 55, 56, 53, 54, 55, 56, 
53, 54, 55, 56, 53, 54, 55, 56, 53, 54, 55, 56, 49, 50, 51, 52, 
49, 50, 51, 52, 49, 50, 51, 52, 49, 50, 51, 52, 49, 50, 51, 61, 
61, 62, 63, 61, 61, 62, 63, 61, 61, 58, 59, 60, 57, 58, 59, 60, 
57, 58, 59, 60, 53, 54, 55, 56, 53, 54, 55, 56, 53, 54, 55, 56, 
53, 54, 55, 56, 61, 54, 55, 56,
53, 54, 55, 56, 53, 54, 55, 56, 53, 54, 55, 56, 53, 54, 55, 61, 
61, 61, 62, 63, 61, 61, 61, 61, 61, 61, 61, 52, 49, 50, 51, 52, 
49, 50, 51, 52, 49, 50, 51, 52, 57, 58, 59, 60, 57, 58, 59, 60, 
57, 58, 59, 60, 57, 58, 59, 60, 57, 58, 59, 60, 53, 54, 55, 56, 
53, 54, 55, 56, 53, 54, 55, 56, 53, 54, 55, 56, 53, 54, 55, 61, 
61, 61, 61, 61, 61, 61, 61, 62, 63, 61, 51, 52, 49, 50, 51, 52, 
49, 50, 51, 52, 57, 58, 59, 60, 57, 58, 59, 60, 57, 58, 59, 60, 
57, 58, 61, 61, 61, 61, 59, 60,
57, 58, 59, 60, 57, 58, 59, 60, 57, 58, 59, 60, 57, 58, 61, 60, 
61, 61, 61, 61, 62, 63, 61, 62, 63, 61, 61, 56, 53, 54, 55, 56, 
53, 54, 55, 56, 53, 54, 55, 56, 49, 50, 51, 52, 49, 50, 51, 52, 
49, 50, 51, 52, 49, 50, 51, 52, 49, 50, 51, 52, 57, 58, 59, 60, 
57, 58, 59, 60, 57, 58, 59, 60, 57, 58, 59, 60, 57, 58, 59, 61, 
62, 63, 61, 61, 61, 61, 61, 61, 61, 61, 61, 56, 53, 54, 55, 56, 
53, 54, 55, 56, 49, 50, 51, 52, 49, 50, 51, 52, 49, 50, 51, 52, 
61, 50, 62, 63, 62, 63, 61, 52,
49, 50, 51, 52, 49, 50, 51, 52, 49, 50, 51, 52, 49, 50, 51, 61, 
61, 61, 61, 61, 61, 61, 61, 61, 61, 61, 61, 60, 57, 58, 59, 60, 
57, 58, 59, 60, 57, 58, 59, 60, 53, 54, 55, 56, 53, 54, 55, 56, 
53, 54, 55, 56, 53, 54, 55, 56, 53, 54, 55, 56, 49, 50, 51, 52, 
49, 50, 51, 52, 49, 50, 51, 52, 49, 50, 51, 52, 49, 50, 51, 61, 
61, 62, 63, 62, 63, 61, 61, 61, 61, 61, 61, 61, 57, 58, 59, 60, 
57, 58, 59, 60, 53, 54, 55, 56, 53, 54, 55, 56, 53, 54, 55, 56, 
53, 62, 63, 61, 62, 63, 62, 63,
53, 54, 55, 56, 53, 54, 55, 56, 53, 54, 55, 56, 53, 54, 61, 61, 
61, 61, 61, 61, 61, 61, 61, 61, 61, 62, 63, 52, 49, 50, 51, 52, 
49, 50, 51, 52, 49, 50, 51, 52, 57, 58, 59, 60, 57, 58, 59, 60, 
57, 58, 59, 60, 57, 58, 59, 60, 57, 58, 59, 60, 53, 54, 55, 56, 
53, 54, 55, 56, 53, 54, 55, 56, 53, 54, 55, 56, 53, 54, 55, 61, 
61, 61, 61, 61, 61, 61, 61, 61, 61, 61, 51, 52, 49, 50, 51, 52, 
49, 50, 51, 52, 57, 58, 59, 60, 57, 58, 59, 60, 57, 58, 61, 60, 
61, 61, 61, 61, 61, 61, 61, 61,
57, 58, 59, 60, 57, 58, 59, 60, 57, 58, 59, 60, 61, 61, 61, 61, 
62, 63, 61, 61, 61, 61, 61, 61, 61, 61, 61, 61, 53, 54, 55, 56, 
53, 54, 55, 56, 53, 54, 55, 56, 49, 50, 51, 52, 49, 50, 51, 52, 
49, 50, 51, 52, 49, 50, 51, 52, 49, 50, 51, 52, 57, 58, 59, 60, 
57, 58, 59, 60, 57, 58, 59, 60, 57, 58, 59, 60, 57, 58, 59, 61, 
61, 61, 61, 61, 61, 61, 61, 61, 61, 61, 61, 56, 53, 54, 55, 56, 
53, 54, 55, 56, 49, 50, 51, 52, 49, 50, 51, 52, 49, 62, 63, 61, 
61, 61, 61, 61, 62, 63, 61, 61,
49, 50, 51, 52, 49, 50, 51, 52, 49, 50, 51, 52, 49, 61, 61, 61, 
61, 61, 61, 61, 62, 63, 61, 61, 61, 62, 63, 60, 61, 58, 59, 60, 
57, 58, 59, 60, 57, 58, 59, 60, 53, 54, 55, 56, 53, 54, 55, 56, 
53, 54, 55, 56, 53, 54, 55, 56, 53, 54, 55, 56, 49, 50, 51, 52, 
49, 50, 51, 52, 49, 50, 51, 52, 49, 50, 51, 52, 49, 50, 51, 61, 
61, 62, 62, 63, 61, 61, 61, 61, 61, 61, 61, 60, 57, 58, 59, 60, 
57, 58, 59, 60, 53, 54, 55, 56, 53, 54, 55, 56, 53, 54, 55, 61, 
61, 61, 62, 63, 61, 61, 61, 61,
53, 54, 55, 56, 53, 54, 55, 56, 53, 54, 55, 56, 61, 61, 61, 61, 
61, 61, 61, 61, 61, 61, 62, 63, 62, 63, 62, 63, 49, 50, 51, 52, 
49, 50, 51, 52, 49, 50, 51, 52, 57, 58, 59, 60, 57, 58, 59, 60, 
57, 58, 59, 60, 57, 58, 59, 60, 57, 58, 59, 60, 53, 54, 55, 56, 
53, 54, 55, 56, 53, 54, 55, 56, 53, 54, 55, 56, 53, 54, 55, 61, 
61, 61, 61, 61, 62, 63, 61, 61, 62, 63, 61, 61, 49, 50, 51, 52, 
49, 50, 51, 52, 57, 58, 59, 60, 57, 58, 59, 60, 57, 58, 59, 60, 
61, 61, 61, 61, 61, 61, 61, 61,
57, 58, 59, 60, 57, 58, 59, 60, 57, 58, 59, 61, 61, 61, 61, 62, 
63, 61, 61, 61, 61, 61, 61, 61, 61, 62, 63, 56, 53, 54, 55, 56, 
53, 54, 55, 56, 53, 54, 55, 56, 49, 50, 51, 52, 49, 50, 51, 52, 
49, 50, 51, 52, 49, 50, 51, 52, 49, 50, 51, 52, 57, 58, 59, 60, 
57, 58, 59, 60, 57, 58, 59, 60, 57, 58, 59, 60, 57, 58, 59, 60, 
61, 61, 61, 62, 63, 61, 61, 61, 61, 61, 61, 56, 53, 54, 55, 56, 
53, 54, 55, 56, 49, 50, 51, 52, 49, 50, 51, 52, 49, 50, 51, 62, 
63, 62, 63, 61, 61, 62, 63, 61,
49, 50, 51, 52, 49, 50, 51, 52, 49, 50, 61, 52, 61, 61, 61, 61, 
61, 61, 61, 61, 62, 63, 61, 61, 62, 63, 62, 63, 57, 61, 59, 60, 
57, 58, 59, 60, 57, 58, 59, 60, 53, 54, 55, 56, 53, 54, 55, 56, 
53, 54, 55, 56, 53, 54, 55, 56, 53, 54, 55, 56, 49, 50, 51, 52, 
49, 50, 51, 52, 49, 50, 51, 52, 49, 50, 51, 52, 49, 50, 51, 52, 
61, 61, 61, 61, 61, 61, 61, 61, 61, 61, 59, 60, 57, 58, 59, 60, 
57, 58, 59, 60, 53, 54, 55, 56, 53, 54, 55, 56, 53, 54, 61, 56, 
61, 61, 61, 61, 61, 61, 61, 61,
53, 54, 55, 56, 53, 54, 55, 56, 53, 54, 55, 61, 61, 61, 61, 61, 
61, 61, 62, 63, 61, 61, 61, 61, 61, 61, 61, 62, 63, 50, 51, 52, 
49, 50, 51, 52, 49, 50, 51, 52, 57, 58, 59, 60, 57, 58, 59, 60, 
57, 58, 59, 60, 57, 58, 59, 60, 57, 58, 59, 60, 53, 54, 55, 56, 
53, 54, 55, 56, 53, 54, 55, 56, 53, 54, 55, 56, 53, 54, 55, 56, 
61, 61, 62, 63, 62, 63, 63, 61, 62, 62, 63, 52, 49, 50, 51, 52, 
49, 50, 51, 52, 57, 58, 59, 60, 57, 58, 59, 60, 57, 58, 59, 61, 
62, 63, 62, 63, 61, 61, 61, 61,
57, 58, 59, 60, 57, 58, 59, 60, 57, 58, 59, 60, 61, 61, 61, 61, 
61, 61, 61, 61, 61, 61, 61, 62, 63, 61, 62, 63, 53, 54, 55, 56, 
53, 54, 55, 56, 53, 54, 55, 56, 49, 50, 51, 52, 49, 50, 51, 52, 
49, 50, 51, 52, 49, 50, 51, 52, 49, 50, 51, 52, 57, 58, 59, 60, 
57, 58, 59, 60, 57, 58, 59, 60, 57, 58, 59, 60, 57, 58, 59, 60, 
61, 61, 62, 62, 62, 63, 61, 62, 63, 61, 55, 56, 61, 54, 55, 56, 
53, 54, 55, 56, 49, 50, 51, 52, 49, 50, 51, 52, 49, 50, 61, 61, 
61, 62, 63, 61, 61, 61, 61, 61,
49, 50, 51, 52, 49, 50, 51, 52, 49, 50, 51, 61, 49, 61, 61, 61, 
62, 63, 61, 61, 61, 61, 61, 61, 61, 61, 61, 60, 61, 58, 59, 60, 
57, 58, 59, 60, 57, 58, 59, 60, 53, 54, 55, 56, 53, 54, 55, 56, 
53, 54, 55, 56, 53, 54, 55, 56, 53, 54, 55, 56, 49, 50, 51, 52, 
49, 50, 51, 52, 49, 50, 51, 52, 49, 50, 51, 52, 49, 50, 51, 52, 
61, 61, 61, 61, 61, 61, 62, 63, 61, 61, 61, 61, 57, 58, 59, 60, 
57, 58, 59, 60, 53, 54, 55, 56, 53, 54, 55, 56, 53, 61, 55, 61, 
61, 61, 62, 63, 61, 61, 61, 61,
53, 54, 55, 56, 53, 54, 55, 56, 53, 54, 55, 56, 61, 54, 61, 61, 
61, 61, 61, 61, 61, 61, 61, 61, 62, 63, 61, 61, 49, 50, 51, 52, 
49, 50, 51, 52, 49, 50, 51, 52, 57, 58, 59, 60, 57, 58, 59, 60, 
57, 58, 59, 60, 57, 58, 59, 60, 57, 58, 59, 60, 53, 54, 55, 56, 
53, 54, 55, 56, 53, 54, 55, 56, 53, 54, 55, 56, 53, 54, 55, 56, 
61, 61, 61, 61, 61, 61, 62, 63, 61, 61, 61, 52, 49, 50, 51, 52, 
49, 50, 51, 52, 57, 58, 59, 60, 57, 58, 59, 60, 57, 58, 59, 60, 
61, 61, 61, 61, 61, 61, 61, 61,
57, 58, 59, 60, 57, 58, 59, 60, 57, 58, 59, 60, 57, 58, 61, 62, 
63, 61, 61, 61, 62, 63, 62, 63, 61, 61, 61, 62, 63, 54, 55, 56, 
53, 54, 55, 56, 53, 54, 55, 56, 49, 50, 51, 52, 49, 50, 51, 52, 
49, 50, 51, 52, 49, 50, 51, 52, 49, 50, 51, 52, 57, 58, 59, 60, 
57, 58, 59, 60, 57, 58, 59, 60, 57, 58, 59, 60, 57, 58, 59, 60, 
61, 61, 61, 62, 63, 61, 61, 61, 61, 61, 55, 56, 53, 54, 55, 56, 
53, 54, 55, 56, 49, 50, 51, 52, 49, 50, 51, 52, 49, 50, 51, 62, 
63, 61, 61, 61, 61, 61, 61, 61,
49, 50, 51, 52, 49, 50, 51, 52, 49, 50, 51, 52, 49, 50, 61, 61, 
61, 61, 61, 62, 63, 62, 63, 62, 63, 61, 62, 63, 57, 61, 59, 60, 
57, 58, 59, 60, 57, 58, 59, 60, 53, 54, 55, 56, 53, 54, 55, 56, 
53, 54, 55, 56, 53, 54, 55, 56, 53, 54, 55, 56, 49, 50, 51, 52, 
49, 50, 51, 52, 49, 50, 51, 52, 49, 50, 51, 52, 49, 50, 51, 52, 
61, 61, 61, 61, 61, 61, 61, 61, 61, 61, 61, 60, 57, 58, 59, 60, 
57, 58, 59, 60, 53, 54, 55, 56, 53, 54, 55, 56, 53, 62, 63, 56, 
61, 61, 61, 61, 61, 61, 61, 61,
53, 54, 55, 56, 53, 54, 55, 56, 53, 54, 55, 56, 53, 61, 61, 61, 
61, 61, 62, 63, 62, 63, 62, 63, 61, 61, 61, 62, 63, 50, 51, 52, 
49, 50, 51, 52, 49, 50, 51, 52, 57, 58, 59, 60, 57, 58, 59, 60, 
57, 58, 59, 60, 57, 58, 59, 60, 57, 58, 59, 60, 53, 54, 55, 56, 
53, 54, 55, 56, 53, 54, 55, 56, 53, 54, 55, 56, 53, 54, 55, 56, 
61, 61, 61, 62, 63, 62, 63, 61, 61, 61, 51, 62, 63, 50, 51, 52, 
49, 50, 51, 52, 57, 58, 59, 60, 57, 58, 59, 60, 57, 58, 62, 63, 
61, 61, 61, 61, 61, 61, 61, 61,
57, 58, 59, 60, 57, 58, 59, 60, 57, 58, 59, 60, 57, 61, 61, 61, 
61, 61, 61, 61, 53, 54, 55, 56, 53, 54, 55, 56, 53, 54, 55, 56, 
53, 54, 55, 56, 53, 54, 55, 56, 49, 50, 51, 52, 49, 50, 51, 52, 
49, 50, 51, 52, 49, 50, 51, 52, 49, 50, 51, 52, 57, 58, 59, 60, 
57, 58, 59, 60, 57, 58, 59, 60, 57, 58, 59, 60, 57, 58, 59, 60, 
61, 61, 62, 63, 61, 61, 61, 61, 53, 54, 55, 56, 53, 54, 55, 56, 
53, 54, 55, 56, 49, 50, 51, 52, 49, 50, 51, 52, 49, 50, 51, 61, 
61, 61, 61, 61, 62, 63, 61, 61,
49, 50, 51, 52, 49, 50, 51, 52, 49, 50, 51, 52, 49, 61, 61, 61, 
61, 61, 61, 61, 57, 58, 59, 60, 57, 58, 59, 60, 57, 58, 59, 60, 
57, 58, 59, 60, 57, 58, 59, 60, 53, 54, 55, 56, 53, 54, 55, 56, 
53, 54, 55, 56, 53, 54, 55, 56, 53, 54, 55, 56, 49, 50, 51, 52, 
49, 50, 51, 52, 49, 50, 51, 52, 49, 50, 51, 52, 49, 50, 51, 52, 
61, 61, 61, 61, 61, 61, 61, 61, 61, 58, 59, 60, 57, 58, 59, 60, 
57, 58, 59, 60, 53, 54, 55, 56, 53, 54, 55, 56, 53, 54, 55, 61, 
61, 61, 62, 63, 61, 61, 61, 61,
53, 54, 55, 56, 53, 54, 55, 56, 53, 54, 55, 56, 61, 54, 61, 62, 
63, 61, 61, 61, 49, 50, 51, 52, 49, 50, 51, 52, 49, 50, 51, 52, 
49, 50, 51, 52, 49, 50, 51, 52, 57, 58, 59, 60, 57, 58, 59, 60, 
57, 58, 59, 60, 57, 58, 59, 60, 57, 58, 59, 60, 53, 54, 55, 56, 
53, 54, 55, 56, 53, 54, 55, 56, 53, 54, 55, 56, 53, 54, 55, 56, 
61, 61, 61, 62, 62, 63, 61, 61, 61, 61, 51, 52, 49, 50, 51, 52, 
49, 50, 51, 52, 57, 58, 59, 60, 57, 58, 59, 60, 57, 58, 59, 60, 
62, 63, 61, 62, 63, 61, 61, 61,
57, 58, 59, 60, 57, 58, 59, 60, 57, 58, 59, 60, 57, 58, 61, 61, 
62, 63, 61, 61, 53, 54, 55, 56, 53, 54, 55, 56, 53, 54, 55, 56, 
53, 54, 55, 56, 53, 54, 55, 56, 49, 50, 51, 52, 49, 50, 51, 52, 
49, 50, 51, 52, 49, 50, 51, 52, 49, 50, 51, 52, 57, 58, 59, 60, 
57, 58, 59, 60, 57, 58, 59, 60, 57, 58, 59, 60, 57, 58, 59, 60, 
61, 61, 61, 61, 61, 61, 61, 61, 61, 61, 61, 56, 53, 54, 55, 56, 
53, 54, 55, 56, 49, 50, 51, 52, 49, 50, 51, 52, 49, 50, 51, 52, 
49, 50, 62, 63, 49, 61, 61, 61,
49, 50, 51, 52, 49, 50, 51, 52, 49, 50, 51, 52, 49, 61, 61, 61, 
61, 61, 61, 61, 57, 58, 59, 60, 57, 58, 59, 60, 57, 58, 59, 60, 
57, 58, 59, 60, 57, 58, 59, 60, 53, 54, 55, 56, 53, 54, 55, 56, 
53, 54, 55, 56, 53, 54, 55, 56, 53, 54, 55, 56, 49, 50, 51, 52, 
49, 50, 51, 52, 49, 50, 51, 52, 49, 50, 51, 52, 49, 50, 51, 52, 
61, 61, 61, 61, 61, 61, 61, 61, 61, 61, 59, 61, 57, 58, 59, 60, 
57, 58, 59, 60, 53, 54, 55, 56, 53, 54, 55, 56, 53, 54, 55, 56, 
53, 54, 55, 56, 53, 54, 55, 56,
53, 54, 55, 56, 53, 54, 55, 56, 53, 54, 55, 56, 53, 61, 61, 61, 
62, 63, 61, 61, 49, 50, 51, 52, 49, 50, 51, 52, 49, 50, 51, 52, 
49, 50, 51, 52, 49, 50, 51, 52, 57, 58, 59, 60, 57, 58, 59, 60, 
57, 58, 59, 60, 57, 58, 59, 60, 57, 58, 59, 60, 53, 54, 55, 56, 
53, 54, 55, 56, 53, 54, 55, 56, 53, 54, 55, 56, 53, 54, 55, 56, 
61, 62, 63, 61, 62, 63, 61, 61, 61, 61, 61, 52, 49, 50, 51, 52, 
49, 50, 51, 52, 57, 58, 59, 60, 57, 58, 59, 60, 57, 58, 59, 60, 
57, 58, 59, 60, 57, 58, 59, 60,
57, 58, 59, 60, 57, 58, 59, 60, 57, 58, 59, 60, 61, 61, 61, 62, 
63, 61, 61, 61, 53, 54, 55, 56, 53, 54, 55, 56, 53, 54, 55, 56, 
53, 54, 55, 56, 53, 54, 55, 56, 49, 50, 51, 52, 49, 50, 51, 52, 
49, 50, 51, 52, 49, 50, 51, 52, 49, 50, 51, 52, 57, 58, 59, 60, 
57, 58, 59, 60, 57, 58, 59, 60, 57, 58, 59, 60, 57, 58, 59, 60, 
61, 61, 61, 61, 62, 63, 61, 61, 61, 61, 55, 56, 53, 54, 55, 56, 
53, 54, 55, 56, 49, 50, 51, 52, 49, 50, 51, 52, 49, 50, 51, 52, 
49, 50, 51, 52, 49, 50, 51, 52,
49, 50, 51, 52, 49, 50, 51, 52, 49, 50, 51, 61, 49, 61, 61, 61, 
61, 61, 61, 61, 57, 58, 59, 60, 57, 58, 59, 60, 57, 58, 59, 60, 
57, 58, 59, 60, 57, 58, 59, 60, 53, 54, 55, 56, 53, 54, 55, 56, 
53, 54, 55, 56, 53, 54, 55, 56, 53, 54, 55, 56, 49, 50, 51, 52, 
49, 50, 51, 52, 49, 50, 51, 52, 49, 50, 51, 52, 49, 50, 51, 52, 
61, 61, 61, 61, 61, 61, 62, 63, 61, 61, 59, 60, 57, 58, 59, 60, 
57, 58, 59, 60, 53, 54, 55, 56, 53, 54, 55, 56, 53, 54, 55, 56, 
53, 54, 55, 56, 53, 54, 55, 56,
53, 54, 55, 56, 53, 54, 55, 56, 53, 54, 55, 56, 61, 54, 61, 61, 
61, 61, 62, 63, 49, 50, 51, 52, 49, 50, 51, 52, 49, 50, 51, 52, 
49, 50, 51, 52, 49, 50, 51, 52, 57, 58, 59, 60, 57, 58, 59, 60, 
57, 58, 59, 60, 57, 58, 59, 60, 57, 58, 59, 60, 53, 54, 55, 56, 
53, 54, 55, 56, 53, 54, 55, 56, 53, 54, 55, 56, 53, 54, 55, 56, 
61, 61, 61, 61, 61, 61, 61, 61, 61, 61, 61, 52, 49, 50, 51, 52, 
49, 50, 51, 52, 57, 58, 59, 60, 57, 58, 59, 60, 57, 58, 59, 60, 
57, 58, 59, 60, 57, 58, 59, 60,
57, 58, 59, 60, 57, 58, 59, 60, 57, 58, 59, 60, 57, 61, 61, 61, 
61, 61, 61, 61, 53, 54, 55, 56, 53, 54, 55, 56, 53, 54, 55, 56, 
53, 54, 55, 56, 53, 54, 55, 56, 49, 50, 51, 52, 49, 50, 51, 52, 
49, 50, 51, 52, 49, 50, 51, 52, 49, 50, 51, 52, 57, 58, 59, 60, 
57, 58, 59, 60, 57, 58, 59, 60, 57, 58, 59, 60, 57, 58, 59, 60, 
61, 61, 61, 61, 62, 63, 61, 61, 61, 61, 61, 61, 53, 54, 55, 56, 
53, 54, 55, 56, 49, 50, 51, 52, 49, 50, 51, 52, 49, 50, 51, 52, 
49, 50, 51, 52, 49, 50, 51, 52,
49, 50, 51, 52, 49, 50, 51, 52, 49, 50, 51, 61, 49, 50, 61, 61, 
62, 63, 61, 61, 57, 58, 59, 60, 57, 58, 59, 60, 57, 58, 59, 60, 
57, 58, 59, 60, 57, 58, 59, 60, 53, 54, 55, 56, 53, 54, 55, 56, 
53, 54, 55, 56, 53, 54, 55, 56, 53, 54, 55, 56, 49, 50, 51, 52, 
49, 50, 51, 52, 49, 50, 51, 52, 49, 50, 51, 52, 49, 50, 51, 52, 
61, 61, 61, 62, 63, 61, 62, 63, 62, 63, 61, 61, 61, 58, 59, 60, 
57, 58, 59, 60, 53, 54, 55, 56, 53, 54, 55, 56, 53, 54, 55, 56, 
53, 54, 55, 56, 53, 54, 55, 56,
53, 54, 55, 56, 53, 54, 55, 56, 53, 54, 55, 56, 62, 63, 62, 63, 
61, 61, 61, 61, 49, 50, 51, 52, 49, 50, 51, 52, 49, 50, 51, 52, 
49, 50, 51, 52, 49, 50, 51, 52, 57, 58, 59, 60, 57, 58, 59, 60, 
57, 58, 59, 60, 57, 58, 59, 60, 57, 58, 59, 60, 53, 54, 55, 56, 
53, 54, 55, 56, 53, 54, 55, 56, 53, 54, 55, 56, 53, 54, 55, 56, 
61, 61, 61, 61, 61, 61, 61, 61, 61, 61, 61, 61, 49, 50, 51, 52, 
49, 50, 51, 52, 57, 58, 59, 60, 57, 58, 59, 60, 57, 58, 59, 60, 
57, 58, 59, 60, 57, 58, 59, 60,
57, 58, 59, 60, 57, 58, 59, 60, 57, 58, 59, 60, 57, 61, 61, 61, 
62, 63, 61, 61, 53, 54, 55, 56, 53, 54, 55, 56, 53, 54, 55, 56, 
53, 54, 55, 56, 53, 54, 55, 56, 49, 50, 51, 52, 49, 50, 51, 52, 
49, 50, 51, 52, 49, 50, 51, 52, 49, 50, 51, 52, 57, 58, 59, 60, 
57, 58, 59, 60, 57, 58, 59, 60, 57, 58, 59, 60, 57, 58, 59, 60, 
61, 61, 61, 62, 63, 61, 61, 61, 61, 61, 55, 56, 53, 54, 55, 56, 
53, 54, 55, 56, 49, 50, 51, 52, 49, 50, 51, 52, 49, 50, 51, 52, 
49, 50, 51, 52, 49, 50, 51, 52,
49, 50, 51, 52, 49, 50, 51, 52, 49, 50, 51, 52, 49, 50, 61, 61, 
61, 61, 61, 61, 57, 58, 59, 60, 57, 58, 59, 60, 57, 58, 59, 60, 
57, 58, 59, 60, 57, 58, 59, 60, 53, 54, 55, 56, 53, 54, 55, 56, 
53, 54, 55, 56, 53, 54, 55, 56, 53, 54, 55, 56, 49, 50, 51, 52, 
49, 50, 51, 52, 49, 50, 51, 52, 49, 50, 51, 52, 49, 50, 51, 52, 
61, 61, 61, 61, 61, 61, 61, 61, 61, 61, 59, 60, 57, 58, 59, 60, 
57, 58, 59, 60, 61, 61, 61, 61, 61, 61, 55, 56, 53, 54, 55, 56, 
53, 54, 55, 56, 53, 54, 55, 56,
53, 54, 55, 56, 53, 54, 55, 56, 53, 54, 55, 56, 53, 61, 61, 62, 
63, 62, 63, 61, 49, 50, 51, 52, 49, 50, 51, 52, 49, 50, 51, 52, 
49, 50, 51, 52, 49, 50, 51, 52, 57, 58, 59, 60, 57, 58, 59, 60, 
57, 58, 59, 60, 57, 58, 59, 60, 57, 58, 59, 60, 53, 54, 55, 56, 
53, 54, 55, 56, 53, 54, 55, 56, 53, 54, 55, 56, 53, 54, 55, 56, 
61, 62, 63, 61, 61, 61, 61, 61, 61, 50, 51, 52, 49, 50, 51, 52, 
49, 50, 51, 61, 61, 61, 61, 61, 61, 61, 61, 62, 63, 58, 59, 60, 
57, 58, 59, 60, 57, 58, 59, 60,
57, 58, 59, 60, 57, 58, 59, 60, 57, 58, 59, 60, 61, 58, 61, 61, 
61, 61, 61, 61, 53, 54, 55, 56, 53, 54, 55, 56, 53, 54, 55, 56, 
53, 54, 55, 56, 53, 54, 55, 56, 49, 50, 51, 52, 49, 50, 51, 52, 
49, 50, 51, 52, 49, 50, 51, 52, 49, 50, 51, 52, 57, 58, 59, 60, 
57, 58, 59, 60, 57, 58, 59, 60, 57, 58, 59, 60, 57, 58, 59, 60, 
61, 61, 61, 61, 61, 61, 62, 63, 61, 61, 55, 56, 53, 54, 55, 56, 
53, 54, 61, 61, 61, 62, 63, 61, 61, 61, 61, 61, 61, 50, 51, 52, 
49, 50, 51, 52, 49, 50, 51, 52,
49, 50, 51, 52, 49, 50, 51, 52, 49, 50, 51, 52, 49, 61, 61, 62, 
63, 61, 61, 61, 57, 58, 59, 60, 57, 58, 59, 60, 57, 58, 59, 60, 
57, 58, 59, 60, 57, 58, 59, 60, 53, 54, 55, 56, 53, 54, 55, 56, 
53, 54, 55, 56, 53, 54, 55, 56, 53, 54, 55, 56, 49, 50, 51, 52, 
49, 50, 51, 52, 49, 50, 51, 52, 49, 50, 51, 52, 49, 50, 51, 52, 
61, 61, 61, 61, 62, 63, 61, 61, 61, 61, 61, 60, 57, 58, 59, 60, 
57, 58, 59, 61, 61, 61, 61, 62, 63, 61, 61, 61, 61, 61, 55, 56, 
53, 54, 55, 56, 53, 54, 55, 56,
53, 54, 55, 56, 53, 54, 55, 56, 53, 54, 55, 56, 53, 54, 61, 61, 
61, 62, 63, 63, 49, 50, 51, 52, 49, 50, 51, 52, 49, 50, 51, 52, 
49, 50, 51, 52, 49, 50, 51, 52, 57, 58, 59, 60, 57, 58, 59, 60, 
57, 58, 59, 60, 57, 58, 59, 60, 57, 58, 59, 60, 53, 54, 55, 56, 
53, 54, 55, 56, 53, 54, 55, 56, 53, 54, 55, 56, 53, 54, 55, 56, 
61, 61, 61, 61, 61, 61, 61, 61, 61, 61, 51, 52, 49, 50, 51, 52, 
49, 50, 51, 61, 61, 61, 62, 63, 61, 61, 61, 61, 61, 61, 59, 60, 
57, 58, 59, 60, 57, 58, 59, 60,
57, 58, 59, 60, 57, 58, 59, 60, 57, 58, 59, 60, 57, 61, 59, 61, 
61, 62, 63, 61, 53, 54, 55, 56, 53, 54, 55, 56, 53, 54, 55, 56, 
53, 54, 55, 56, 53, 54, 55, 56, 49, 50, 51, 52, 49, 50, 51, 52, 
49, 50, 51, 52, 49, 50, 51, 52, 49, 50, 51, 52, 57, 58, 59, 60, 
57, 58, 59, 60, 57, 58, 59, 60, 57, 58, 59, 60, 57, 58, 59, 60, 
61, 62, 63, 61, 61, 61, 61, 61, 61, 61, 61, 61, 53, 54, 55, 56, 
53, 54, 55, 56, 61, 61, 61, 61, 61, 61, 61, 61, 61, 62, 63, 52, 
49, 50, 51, 52, 49, 50, 51, 52,
49, 50, 51, 52, 49, 50, 51, 52, 49, 50, 51, 52, 49, 50, 51, 52, 
61, 61, 61, 61, 57, 58, 59, 60, 57, 58, 59, 60, 57, 58, 59, 60, 
57, 58, 59, 60, 57, 58, 59, 60, 53, 54, 55, 56, 53, 54, 55, 56, 
53, 54, 55, 56, 53, 54, 55, 56, 53, 54, 55, 56, 49, 50, 51, 52, 
49, 50, 51, 52, 49, 50, 51, 52, 49, 50, 51, 52, 49, 50, 51, 52, 
61, 61, 61, 61, 62, 62, 63, 61, 61, 61, 61, 60, 61, 58, 59, 60, 
57, 58, 59, 60, 61, 61, 61, 61, 61, 62, 63, 61, 61, 54, 55, 56, 
53, 54, 55, 56, 53, 54, 55, 56,
53, 54, 55, 56, 53, 54, 55, 56, 53, 54, 55, 56, 53, 54, 55, 56, 
61, 61, 61, 61, 49, 50, 51, 52, 49, 50, 51, 52, 49, 50, 51, 52, 
49, 50, 51, 52, 49, 50, 51, 52, 57, 58, 59, 60, 57, 58, 59, 60, 
57, 58, 59, 60, 57, 58, 59, 60, 57, 58, 59, 60, 53, 54, 55, 56, 
53, 54, 55, 56, 53, 54, 55, 56, 53, 54, 55, 56, 53, 54, 55, 56, 
61, 61, 61, 61, 61, 61, 61, 62, 63, 61, 61, 61, 49, 50, 51, 52, 
49, 50, 51, 52, 61, 61, 61, 61, 61, 61, 62, 63, 57, 58, 59, 60, 
57, 58, 59, 60, 57, 58, 59, 60,
57, 58, 59, 60, 57, 58, 59, 60, 57, 58, 59, 60, 57, 58, 59, 61, 
57, 61, 62, 63, 53, 54, 55, 56, 53, 54, 55, 56, 53, 54, 55, 56, 
53, 54, 55, 56, 53, 54, 55, 56, 49, 50, 51, 52, 49, 50, 51, 52, 
49, 50, 51, 52, 49, 50, 51, 52, 49, 50, 51, 52, 57, 58, 59, 60, 
57, 58, 59, 60, 57, 58, 59, 60, 57, 58, 59, 60, 57, 58, 59, 61, 
61, 61, 61, 61, 61, 61, 61, 61, 62, 63, 61, 61, 61, 54, 55, 56, 
53, 54, 55, 56, 49, 50, 51, 52, 49, 50, 51, 52, 49, 50, 51, 52, 
49, 50, 51, 52, 49, 50, 51, 52,
49, 50, 51, 52, 49, 50, 51, 52, 49, 50, 51, 52, 49, 50, 51, 52, 
61, 61, 61, 61, 57, 58, 59, 60, 57, 58, 59, 60, 57, 58, 59, 60, 
57, 58, 59, 60, 57, 58, 59, 60, 53, 54, 55, 56, 53, 54, 55, 56, 
53, 54, 55, 56, 53, 54, 55, 56, 53, 54, 55, 56, 49, 50, 51, 52, 
49, 50, 51, 52, 49, 50, 51, 52, 49, 50, 51, 52, 49, 50, 51, 52, 
61, 61, 61, 62, 62, 63, 62, 63, 61, 61, 61, 61, 61, 61, 59, 61, 
57, 58, 59, 60, 53, 54, 55, 56, 53, 54, 55, 56, 53, 54, 55, 56, 
53, 54, 55, 56, 53, 54, 55, 56,
53, 54, 55, 56, 53, 54, 55, 56, 53, 54, 55, 61, 53, 61, 61, 61, 
61, 61, 61, 61, 49, 50, 51, 52, 49, 50, 51, 52, 49, 50, 51, 52, 
49, 50, 51, 52, 49, 50, 51, 52, 57, 58, 59, 60, 57, 58, 59, 60, 
57, 58, 59, 60, 57, 58, 59, 60, 57, 58, 59, 60, 53, 54, 55, 56, 
53, 54, 55, 56, 53, 54, 55, 56, 53, 54, 55, 56, 53, 54, 55, 56, 
61, 61, 61, 61, 61, 61, 61, 61, 61, 61, 62, 63, 62, 63, 61, 52, 
49, 50, 51, 52, 57, 58, 59, 60, 57, 58, 59, 60, 57, 58, 59, 60, 
57, 58, 59, 60, 57, 58, 59, 60,
57, 58, 59, 60, 57, 58, 59, 60, 57, 58, 61, 60, 61, 61, 61, 62, 
63, 62, 63, 61, 53, 54, 55, 56, 53, 54, 55, 56, 53, 54, 55, 56, 
53, 54, 55, 56, 53, 54, 55, 56, 49, 50, 51, 52, 49, 50, 51, 52, 
49, 50, 51, 52, 49, 50, 51, 52, 49, 50, 51, 52, 57, 58, 59, 60, 
57, 58, 59, 60, 57, 58, 59, 60, 57, 58, 59, 60, 57, 58, 59, 60, 
61, 61, 61, 61, 61, 61, 61, 61, 61, 62, 63, 63, 61, 61, 61, 61, 
53, 54, 55, 56, 49, 50, 51, 52, 49, 50, 51, 52, 49, 50, 51, 52, 
49, 50, 51, 52, 49, 50, 51, 52,
49, 50, 51, 52, 49, 50, 51, 52, 49, 50, 51, 61, 61, 61, 61, 61, 
61, 61, 61, 61, 57, 58, 59, 60, 57, 58, 59, 60, 57, 58, 59, 60, 
57, 58, 59, 60, 57, 58, 59, 60, 53, 54, 55, 56, 53, 54, 55, 56, 
53, 54, 55, 56, 53, 54, 55, 56, 53, 54, 55, 56, 49, 50, 51, 52, 
49, 50, 51, 52, 49, 50, 51, 52, 49, 50, 51, 52, 49, 50, 51, 52, 
61, 61, 61, 61, 61, 61, 61, 61, 61, 61, 61, 61, 61, 61, 61, 61, 
57, 58, 59, 60, 53, 54, 55, 56, 53, 54, 55, 56, 53, 54, 55, 56, 
53, 54, 55, 56, 53, 54, 55, 56,
53, 54, 55, 56, 53, 54, 55, 61, 61, 61, 61, 61, 62, 63, 62, 63, 
61, 61, 61, 61, 49, 50, 51, 52, 49, 50, 51, 52, 49, 50, 51, 52, 
49, 50, 51, 52, 49, 50, 51, 52, 57, 58, 59, 60, 57, 58, 59, 60, 
57, 58, 59, 60, 57, 58, 59, 60, 57, 58, 59, 60, 53, 54, 55, 56, 
53, 54, 55, 56, 53, 54, 55, 56, 53, 54, 55, 56, 53, 54, 55, 56, 
49, 50, 51, 52, 49, 50, 51, 52, 49, 50, 51, 52, 49, 50, 51, 52, 
49, 50, 51, 52, 57, 58, 59, 60, 57, 58, 59, 60, 57, 58, 59, 60, 
57, 58, 59, 60, 57, 58, 59, 60,
57, 58, 59, 60, 57, 61, 61, 61, 61, 62, 63, 61, 61, 61, 62, 63, 
61, 61, 61, 61, 49, 50, 51, 52, 49, 50, 51, 52, 49, 50, 51, 52, 
49, 50, 51, 52, 49, 50, 51, 52, 49, 50, 51, 52, 49, 50, 51, 52, 
49, 50, 51, 52, 49, 50, 51, 52, 49, 50, 51, 52, 57, 58, 59, 60, 
57, 58, 59, 60, 57, 58, 59, 60, 57, 58, 59, 60, 57, 58, 59, 60, 
49, 50, 51, 52, 49, 50, 51, 52, 49, 50, 51, 52, 49, 50, 51, 52, 
49, 50, 51, 52, 49, 50, 51, 52, 49, 50, 51, 52, 49, 50, 51, 52, 
49, 50, 51, 52, 49, 50, 51, 52,
49, 50, 51, 52, 61, 61, 61, 62, 63, 61, 62, 63, 62, 62, 63, 61, 
61, 61, 61, 61, 53, 54, 55, 56, 53, 54, 55, 56, 53, 54, 55, 56, 
53, 54, 55, 56, 53, 54, 55, 56, 49, 50, 51, 52, 49, 50, 51, 52, 
49, 50, 51, 52, 49, 50, 51, 52, 49, 50, 51, 52, 49, 50, 51, 52, 
49, 50, 51, 52, 49, 50, 51, 52, 49, 50, 51, 52, 49, 50, 51, 52, 
53, 54, 55, 56, 53, 54, 55, 56, 53, 54, 55, 56, 53, 54, 55, 56, 
53, 54, 55, 56, 49, 50, 51, 52, 49, 50, 51, 52, 49, 50, 51, 52, 
49, 50, 51, 52, 49, 50, 51, 52,
53, 54, 55, 56, 53, 61, 61, 61, 61, 61, 62, 63, 61, 61, 62, 63, 
61, 61, 61, 61, 57, 58, 59, 60, 57, 58, 59, 60, 57, 58, 59, 60, 
57, 58, 59, 60, 57, 58, 59, 60, 53, 54, 55, 56, 53, 54, 55, 56, 
53, 54, 55, 56, 53, 54, 55, 56, 53, 54, 55, 56, 49, 50, 51, 52, 
49, 50, 51, 52, 49, 50, 51, 52, 49, 50, 51, 52, 49, 50, 51, 52, 
57, 58, 59, 60, 57, 58, 59, 60, 57, 58, 59, 60, 57, 58, 59, 60, 
57, 58, 59, 60, 53, 54, 55, 56, 53, 54, 55, 56, 53, 54, 55, 56, 
53, 54, 55, 56, 53, 54, 55, 56,
57, 58, 59, 60, 61, 61, 61, 61, 61, 61, 61, 61, 61, 61, 61, 61, 
61, 61, 61, 61, 49, 50, 51, 52, 49, 50, 51, 52, 49, 50, 51, 52, 
49, 50, 51, 52, 49, 50, 51, 52, 57, 58, 59, 60, 57, 58, 59, 60, 
57, 58, 59, 60, 57, 58, 59, 60, 57, 58, 59, 60, 53, 54, 55, 56, 
53, 54, 55, 56, 53, 54, 55, 56, 53, 54, 55, 56, 53, 54, 55, 56, 
49, 50, 51, 52, 49, 50, 51, 52, 49, 50, 51, 52, 49, 50, 51, 52, 
49, 50, 51, 52, 57, 58, 59, 60, 57, 58, 59, 60, 57, 58, 59, 60, 
57, 58, 59, 60, 57, 58, 59, 60,
49, 50, 51, 52, 49, 61, 61, 61, 61, 61, 61, 61, 61, 61, 61, 61, 
61, 61, 61, 61, 53, 54, 55, 56, 53, 54, 55, 56, 53, 54, 55, 56, 
53, 54, 55, 56, 53, 54, 55, 56, 49, 50, 51, 52, 49, 50, 51, 52, 
49, 50, 51, 52, 49, 50, 51, 52, 49, 50, 51, 52, 57, 58, 59, 60, 
57, 58, 59, 60, 57, 58, 59, 60, 57, 58, 59, 60, 57, 58, 59, 60, 
53, 54, 55, 56, 53, 54, 55, 56, 53, 54, 55, 56, 53, 54, 55, 56, 
53, 54, 55, 56, 49, 50, 51, 52, 49, 50, 51, 52, 49, 50, 51, 52, 
49, 50, 51, 52, 49, 50, 51, 52,
53, 54, 55, 56, 61, 61, 61, 61, 61, 61, 61, 61, 61, 61, 61, 61, 
61, 61, 61, 61, 57, 58, 59, 60, 57, 58, 59, 60, 57, 58, 59, 60, 
57, 58, 59, 60, 57, 58, 59, 60, 53, 54, 55, 56, 53, 54, 55, 56, 
53, 54, 55, 56, 53, 54, 55, 56, 53, 54, 55, 56, 49, 50, 51, 52, 
49, 50, 51, 52, 49, 50, 51, 52, 49, 50, 51, 52, 49, 50, 51, 52, 
57, 58, 59, 60, 57, 58, 59, 60, 57, 58, 59, 60, 57, 58, 59, 60, 
57, 58, 59, 60, 53, 54, 55, 56, 53, 54, 55, 56, 53, 54, 55, 56, 
53, 54, 55, 56, 53, 54, 55, 56,
57, 58, 59, 60, 57, 61, 61, 61, 61, 61, 61, 61, 61, 61, 61, 61, 
61, 61, 61, 60, 49, 50, 51, 52, 49, 50, 51, 52, 49, 50, 51, 52, 
49, 50, 51, 52, 49, 50, 51, 52, 57, 58, 59, 60, 57, 58, 59, 60, 
57, 58, 59, 60, 57, 58, 59, 60, 57, 58, 59, 60, 53, 54, 55, 56, 
53, 54, 55, 56, 53, 54, 55, 56, 53, 54, 55, 56, 53, 54, 55, 56, 
49, 50, 51, 52, 49, 50, 51, 52, 49, 50, 51, 52, 49, 50, 51, 52, 
49, 50, 51, 52, 57, 58, 59, 60, 57, 58, 59, 60, 57, 58, 59, 60, 
57, 58, 59, 60, 57, 58, 59, 60,
49, 50, 51, 52, 49, 50, 61, 61, 61, 61, 61, 61, 61, 61, 61, 61, 
61, 61, 61, 52, 53, 54, 55, 56, 53, 54, 55, 56, 53, 54, 55, 56, 
53, 54, 55, 56, 53, 54, 55, 56, 49, 50, 51, 52, 49, 50, 51, 52, 
49, 50, 51, 52, 49, 50, 51, 52, 49, 50, 51, 52, 57, 58, 59, 60, 
57, 58, 59, 60, 57, 58, 59, 60, 57, 58, 59, 60, 57, 58, 59, 60, 
53, 54, 55, 56, 53, 54, 55, 56, 53, 54, 55, 56, 53, 54, 55, 56, 
53, 54, 55, 56, 49, 50, 51, 52, 49, 50, 51, 52, 49, 50, 51, 52, 
49, 50, 51, 52, 49, 50, 51, 52,
53, 54, 55, 56, 53, 54, 55, 61, 61, 61, 61, 61, 61, 61, 61, 61, 
61, 61, 55, 56, 57, 58, 59, 60, 57, 58, 59, 60, 57, 58, 59, 60, 
57, 58, 59, 60, 57, 58, 59, 60, 53, 54, 55, 56, 53, 54, 55, 56, 
53, 54, 55, 56, 53, 54, 55, 56, 53, 54, 55, 56, 49, 50, 51, 52, 
49, 50, 51, 52, 49, 50, 51, 52, 49, 50, 51, 52, 49, 50, 51, 52, 
57, 58, 59, 60, 57, 58, 59, 60, 57, 58, 59, 60, 57, 58, 59, 60, 
57, 58, 59, 60, 53, 54, 55, 56, 53, 54, 55, 56, 53, 54, 55, 56, 
53, 54, 55, 56, 53, 54, 55, 56,
57, 58, 59, 60, 57, 58, 59, 61, 61, 61, 61, 61, 61, 61, 61, 61, 
61, 61, 59, 60, 49, 50, 51, 52, 49, 50, 51, 52, 49, 50, 51, 52, 
49, 50, 51, 52, 49, 50, 51, 52, 57, 58, 59, 60, 57, 58, 59, 60, 
57, 58, 59, 60, 57, 58, 59, 60, 57, 58, 59, 60, 53, 54, 55, 56, 
53, 54, 55, 56, 53, 54, 55, 56, 53, 54, 55, 56, 53, 54, 55, 56, 
49, 50, 51, 52, 49, 50, 51, 52, 49, 50, 51, 52, 49, 50, 51, 52, 
49, 50, 51, 52, 57, 58, 59, 60, 57, 58, 59, 60, 57, 58, 59, 60, 
57, 58, 59, 60, 57, 58, 59, 60,
49, 50, 51, 52, 49, 50, 51, 52, 61, 61, 61, 61, 61, 61, 61, 61, 
61, 61, 51, 52, 53, 54, 55, 56, 53, 54, 55, 56, 53, 54, 55, 56, 
53, 54, 55, 56, 53, 54, 55, 56, 49, 50, 51, 52, 49, 50, 51, 52, 
49, 50, 51, 52, 49, 50, 51, 52, 49, 50, 51, 52, 57, 58, 59, 60, 
57, 58, 59, 60, 57, 58, 59, 60, 57, 58, 59, 60, 57, 58, 59, 60, 
53, 54, 55, 56, 53, 54, 55, 56, 53, 54, 55, 56, 53, 54, 55, 56, 
53, 54, 55, 56, 49, 50, 51, 52, 49, 50, 51, 52, 49, 50, 51, 52, 
49, 50, 51, 52, 49, 50, 51, 52,
53, 54, 55, 56, 53, 54, 55, 56, 53, 54, 55, 56, 53, 54, 55, 56, 
53, 54, 55, 56, 57, 58, 59, 60, 57, 58, 59, 60, 57, 58, 59, 60, 
57, 58, 59, 60, 57, 58, 59, 60, 53, 54, 55, 56, 53, 54, 55, 56, 
53, 54, 55, 56, 53, 54, 55, 56, 53, 54, 55, 56, 49, 50, 51, 52, 
49, 50, 51, 52, 49, 50, 51, 52, 49, 50, 51, 52, 49, 50, 51, 52, 
57, 58, 59, 60, 57, 58, 59, 60, 57, 58, 59, 60, 57, 58, 59, 60, 
57, 58, 59, 60, 53, 54, 55, 56, 53, 54, 55, 56, 53, 54, 58, 56, 
53, 54, 55, 56, 53, 54, 55, 56,
57, 58, 59, 60, 57, 58, 59, 60, 57, 58, 59, 60, 57, 58, 59, 60, 
57, 58, 59, 60, 49, 50, 51, 52, 49, 50, 51, 52, 49, 50, 51, 52, 
49, 50, 51, 52, 49, 50, 51, 52, 57, 58, 59, 60, 57, 58, 59, 60, 
57, 58, 59, 60, 57, 58, 59, 60, 57, 58, 59, 60, 53, 54, 55, 56, 
53, 54, 55, 56, 53, 54, 55, 56, 53, 54, 55, 56, 53, 54, 55, 56, 
49, 50, 51, 52, 49, 50, 51, 52, 49, 50, 51, 52, 49, 50, 51, 52, 
49, 50, 51, 52, 57, 58, 59, 60, 57, 58, 59, 60, 57, 61, 61, 61, 
61, 61, 61, 61, 61, 61, 61, 61,
63, 61, 61, 61, 49, 50, 51, 52, 49, 50, 51, 52, 49, 50, 51, 52, 
49, 50, 51, 52, 53, 54, 55, 56, 53, 54, 55, 56, 53, 54, 55, 56, 
53, 54, 55, 56, 53, 54, 55, 56, 49, 50, 51, 52, 49, 50, 51, 52, 
49, 50, 51, 52, 49, 50, 51, 52, 49, 50, 51, 52, 57, 58, 59, 60, 
57, 58, 59, 60, 57, 58, 59, 60, 57, 58, 59, 60, 57, 58, 59, 60, 
53, 54, 55, 56, 53, 54, 55, 56, 53, 54, 55, 56, 53, 54, 55, 56, 
53, 54, 55, 56, 49, 50, 51, 52, 49, 50, 51, 52, 61, 61, 62, 63, 
61, 62, 63, 61, 62, 63, 61, 61,
61, 61, 62, 63, 53, 54, 55, 56, 53, 54, 55, 56, 53, 54, 55, 56, 
53, 54, 55, 56, 57, 58, 59, 60, 57, 58, 59, 60, 57, 58, 59, 60, 
57, 58, 59, 60, 57, 58, 59, 60, 53, 54, 55, 56, 53, 54, 55, 56, 
53, 54, 55, 56, 53, 54, 55, 56, 53, 54, 55, 56, 49, 50, 51, 52, 
49, 50, 51, 52, 49, 50, 51, 52, 49, 50, 51, 52, 49, 50, 51, 52, 
57, 58, 59, 60, 57, 58, 59, 61, 61, 58, 59, 60, 57, 58, 59, 60, 
57, 58, 59, 60, 53, 54, 55, 56, 53, 54, 55, 56, 53, 61, 61, 62, 
63, 61, 61, 61, 61, 61, 61, 61,
57, 61, 61, 60, 57, 58, 59, 60, 57, 58, 59, 60, 57, 58, 59, 60, 
57, 58, 59, 60, 49, 50, 51, 52, 49, 50, 51, 52, 49, 50, 51, 52, 
49, 50, 51, 52, 49, 50, 51, 52, 57, 58, 59, 60, 57, 58, 59, 60, 
57, 58, 59, 60, 57, 58, 59, 60, 57, 58, 59, 60, 53, 54, 55, 56, 
53, 54, 55, 56, 53, 54, 55, 56, 53, 54, 55, 56, 53, 54, 55, 56, 
49, 50, 51, 52, 49, 50, 62, 63, 61, 61, 51, 52, 49, 50, 51, 52, 
49, 50, 51, 52, 57, 58, 59, 60, 57, 58, 59, 61, 61, 61, 62, 63, 
62, 63, 61, 61, 61, 61, 61, 61,
49, 62, 63, 52, 49, 50, 51, 52, 49, 50, 51, 52, 49, 50, 51, 52, 
49, 50, 51, 52, 53, 54, 55, 56, 53, 54, 55, 56, 53, 54, 55, 56, 
53, 54, 55, 56, 53, 54, 55, 56, 49, 50, 51, 52, 49, 50, 51, 52, 
49, 50, 51, 52, 61, 61, 51, 52, 61, 61, 51, 52, 57, 58, 59, 60, 
57, 58, 59, 60, 57, 58, 59, 60, 57, 58, 59, 60, 57, 58, 59, 60, 
53, 54, 55, 56, 53, 61, 61, 62, 63, 61, 61, 61, 53, 54, 55, 56, 
53, 54, 55, 56, 49, 50, 51, 52, 49, 50, 62, 63, 61, 61, 62, 63, 
61, 61, 61, 62, 63, 61, 61, 61,
53, 61, 61, 56, 53, 54, 55, 56, 53, 54, 55, 56, 53, 54, 55, 56, 
53, 54, 55, 56, 57, 58, 59, 60, 57, 58, 59, 60, 57, 58, 59, 60, 
57, 58, 59, 60, 57, 58, 59, 60, 53, 54, 55, 56, 53, 54, 55, 56, 
53, 54, 61, 62, 63, 61, 61, 61, 61, 61, 55, 56, 49, 50, 51, 52, 
49, 50, 51, 52, 49, 50, 51, 52, 49, 50, 51, 52, 49, 50, 51, 52, 
57, 58, 59, 60, 57, 61, 62, 63, 61, 61, 61, 61, 57, 58, 59, 60, 
57, 58, 59, 60, 53, 54, 55, 56, 53, 61, 55, 61, 62, 63, 61, 61, 
61, 62, 63, 61, 61, 61, 61, 61,
57, 58, 61, 60, 57, 58, 59, 60, 57, 58, 59, 60, 57, 58, 59, 61, 
61, 61, 61, 61, 61, 61, 61, 52, 49, 50, 51, 52, 49, 50, 51, 52, 
49, 50, 51, 52, 49, 50, 51, 52, 57, 58, 59, 60, 57, 58, 59, 60, 
57, 62, 63, 61, 62, 63, 62, 63, 61, 61, 61, 60, 53, 54, 55, 56, 
53, 54, 55, 56, 53, 54, 55, 56, 53, 54, 55, 56, 53, 54, 55, 56, 
49, 50, 51, 52, 62, 63, 61, 61, 61, 61, 61, 52, 49, 50, 51, 52, 
49, 50, 51, 52, 57, 58, 59, 60, 57, 58, 59, 61, 61, 62, 63, 62, 
63, 61, 62, 63, 62, 61, 61, 61,
49, 50, 51, 52, 49, 50, 51, 52, 49, 50, 51, 52, 49, 50, 61, 61, 
62, 63, 61, 61, 61, 61, 61, 61, 61, 54, 55, 56, 53, 54, 55, 56, 
53, 54, 55, 56, 53, 54, 55, 56, 49, 50, 51, 52, 49, 50, 51, 52, 
49, 50, 61, 61, 61, 62, 63, 61, 61, 61, 61, 52, 57, 58, 59, 60, 
57, 58, 59, 60, 57, 58, 59, 60, 57, 58, 59, 60, 57, 58, 59, 60, 
53, 54, 55, 56, 61, 62, 63, 61, 61, 61, 61, 56, 53, 54, 55, 56, 
53, 54, 55, 56, 49, 50, 51, 52, 49, 50, 51, 52, 61, 61, 62, 63, 
61, 61, 61, 62, 63, 61, 61, 61,
53, 54, 55, 56, 53, 54, 55, 56, 53, 54, 55, 56, 53, 54, 61, 61, 
61, 62, 63, 61, 61, 61, 61, 61, 61, 58, 59, 60, 57, 58, 59, 60, 
57, 58, 59, 60, 57, 58, 59, 60, 53, 54, 55, 56, 53, 54, 55, 56, 
53, 61, 61, 61, 61, 61, 61, 61, 61, 61, 61, 61, 49, 50, 51, 52, 
49, 50, 51, 52, 49, 50, 51, 52, 49, 50, 51, 52, 49, 50, 51, 52, 
57, 58, 59, 62, 63, 61, 61, 61, 61, 61, 61, 61, 57, 58, 59, 60, 
57, 58, 59, 60, 53, 54, 55, 56, 53, 54, 55, 61, 61, 61, 61, 61, 
61, 61, 61, 61, 61, 61, 61, 61,
57, 58, 59, 60, 57, 58, 59, 60, 57, 58, 61, 61, 61, 61, 61, 61, 
61, 61, 61, 61, 61, 62, 63, 61, 49, 50, 51, 52, 49, 50, 51, 52, 
49, 50, 51, 52, 49, 50, 51, 52, 57, 58, 59, 60, 57, 58, 59, 60, 
61, 61, 62, 63, 61, 61, 61, 62, 63, 61, 61, 61, 53, 54, 55, 56, 
53, 54, 55, 56, 53, 54, 55, 56, 53, 54, 55, 56, 53, 54, 55, 56, 
49, 50, 51, 52, 49, 62, 63, 61, 61, 61, 61, 61, 49, 50, 51, 52, 
49, 50, 51, 52, 57, 58, 59, 60, 57, 58, 59, 60, 61, 61, 61, 62, 
63, 61, 61, 62, 63, 61, 61, 61,
49, 50, 51, 52, 49, 50, 51, 52, 49, 50, 51, 52, 49, 61, 61, 62, 
63, 61, 61, 61, 61, 61, 61, 61, 61, 61, 55, 56, 53, 54, 55, 56, 
53, 54, 55, 56, 53, 54, 55, 56, 49, 50, 51, 52, 49, 50, 51, 52, 
49, 61, 61, 62, 63, 50, 62, 63, 61, 61, 61, 61, 57, 58, 59, 60, 
57, 58, 59, 60, 57, 58, 59, 60, 57, 58, 59, 60, 57, 58, 59, 60, 
53, 54, 55, 56, 61, 61, 61, 61, 62, 63, 61, 61, 53, 54, 55, 56, 
53, 54, 55, 56, 49, 50, 51, 52, 49, 50, 51, 52, 49, 61, 62, 63, 
61, 62, 63, 61, 61, 61, 61, 61,
53, 54, 55, 56, 53, 54, 55, 56, 53, 54, 55, 56, 61, 61, 61, 61, 
61, 61, 62, 63, 61, 61, 62, 63, 61, 61, 59, 60, 57, 58, 59, 60, 
57, 58, 59, 60, 57, 58, 59, 60, 53, 54, 55, 56, 53, 54, 55, 56, 
53, 54, 62, 63, 53, 61, 61, 61, 61, 54, 55, 56, 49, 50, 51, 52, 
49, 50, 51, 52, 49, 50, 51, 52, 49, 50, 51, 52, 49, 50, 51, 52, 
57, 58, 59, 60, 61, 61, 62, 63, 61, 61, 61, 60, 57, 58, 59, 60, 
57, 58, 59, 60, 53, 54, 55, 56, 53, 54, 55, 56, 53, 61, 61, 62, 
63, 61, 61, 61, 61, 61, 61, 61,
57, 58, 59, 60, 57, 58, 59, 60, 57, 58, 59, 60, 57, 61, 61, 61, 
61, 61, 61, 61, 61, 61, 61, 61, 61, 61, 61, 52, 49, 50, 51, 52, 
49, 50, 51, 52, 49, 50, 51, 52, 57, 58, 59, 60, 57, 58, 59, 60, 
57, 58, 59, 60, 62, 63, 59, 60, 57, 58, 59, 60, 53, 54, 55, 56, 
53, 54, 55, 56, 53, 54, 55, 56, 53, 54, 55, 56, 53, 54, 55, 56, 
49, 50, 51, 52, 61, 61, 61, 62, 63, 61, 61, 61, 49, 50, 51, 52, 
49, 50, 51, 52, 57, 58, 59, 60, 57, 58, 59, 60, 57, 61, 61, 61, 
61, 61, 61, 61, 61, 61, 61, 61
};

const short map1[9360] = {
1, 10, 5, 1, 3, 36, 10, 11, 11, 11, 10, 1, 3, 36, 4, 1, 
3, 4, 36, 11, 5, 1, 3, 10, 36, 10, 1, 10, 5, 1, 3, 36, 
10, 11, 11, 11, 10, 1, 3, 36, 4, 1, 3, 4, 36, 11, 5, 1, 
3, 10, 36, 10, 1, 10, 5, 1, 3, 36, 10, 11, 11, 11, 10, 1, 
3, 36, 4, 1, 3, 4, 36, 30, 5, 1, 3, 10, 36, 10, 1, 1, 
2, 3, 1, 3, 5, 36, 30, 5, 1, 3, 10, 1, 3, 10, 5, 1, 
3, 36, 10, 32, 32, 32, 10, 1, 3, 36, 4, 1, 3, 4, 36, 30, 
5, 1, 3, 10, 36, 10, 1, 3,
1, 2, 3, 7, 1, 3, 32, 0, 0, 0, 32, 7, 9, 30, 10, 7, 
9, 30, 10, 31, 32, 7, 9, 30, 10, 36, 5, 30, 32, 7, 1, 3, 
32, 0, 0, 0, 32, 7, 9, 30, 10, 7, 9, 30, 10, 31, 32, 7, 
9, 30, 10, 36, 5, 30, 32, 7, 1, 3, 32, 0, 0, 0, 32, 7, 
9, 30, 10, 7, 9, 30, 10, 31, 32, 7, 9, 30, 10, 36, 5, 1, 
2, 3, 1, 3, 36, 10, 31, 32, 1, 3, 36, 7, 9, 30, 32, 7, 
1, 3, 32, 0, 0, 0, 32, 7, 9, 30, 10, 7, 9, 30, 10, 31, 
32, 7, 9, 30, 10, 36, 5, 9,
4, 5, 6, 5, 7, 9, 0, 0, 0, 0, 0, 10, 32, 31, 32, 10, 
36, 31, 30, 0, 0, 0, 30, 31, 32, 4, 10, 31, 0, 5, 7, 9, 
0, 0, 0, 0, 0, 10, 32, 31, 32, 10, 36, 31, 30, 0, 0, 0, 
30, 31, 32, 4, 10, 31, 0, 5, 7, 9, 0, 0, 0, 0, 0, 10, 
32, 31, 32, 10, 36, 31, 30, 0, 0, 0, 30, 31, 32, 4, 10, 4, 
5, 6, 7, 9, 30, 32, 0, 0, 7, 9, 1, 2, 3, 31, 0, 5, 
7, 9, 0, 0, 0, 0, 0, 10, 32, 31, 32, 10, 36, 31, 30, 0, 
0, 0, 30, 31, 32, 4, 10, 1,
7, 8, 9, 32, 10, 32, 0, 0, 0, 0, 0, 30, 0, 0, 0, 36, 
30, 0, 31, 0, 0, 0, 31, 0, 0, 30, 32, 0, 0, 32, 10, 32, 
0, 0, 0, 0, 0, 30, 0, 0, 0, 36, 30, 0, 31, 0, 0, 0, 
31, 0, 0, 30, 32, 0, 0, 32, 10, 32, 0, 0, 0, 0, 0, 30, 
0, 0, 0, 36, 30, 0, 31, 0, 0, 0, 31, 0, 0, 30, 32, 7, 
8, 9, 3, 5, 31, 0, 0, 0, 36, 10, 4, 5, 6, 0, 0, 32, 
10, 32, 0, 0, 0, 0, 0, 30, 0, 0, 0, 36, 30, 0, 31, 0, 
0, 0, 31, 0, 0, 30, 32, 4,
3, 3, 0, 0, 32, 0, 0, 0, 0, 0, 0, 31, 0, 0, 0, 32, 
31, 0, 0, 0, 0, 0, 0, 0, 0, 31, 0, 0, 0, 0, 32, 0, 
0, 0, 0, 0, 0, 31, 0, 0, 0, 32, 31, 0, 0, 0, 0, 0, 
0, 0, 0, 31, 0, 0, 0, 0, 32, 0, 0, 0, 0, 0, 0, 31, 
0, 0, 0, 32, 31, 0, 0, 0, 0, 0, 0, 0, 0, 31, 2, 3, 
9, 5, 6, 32, 0, 0, 0, 0, 32, 5, 7, 1, 2, 3, 0, 0, 
32, 0, 0, 0, 0, 0, 0, 31, 0, 0, 0, 32, 31, 0, 0, 0, 
0, 0, 0, 0, 0, 31, 0, 7,
9, 0, 0, 0, 0, 0, 0, 0, 0, 0, 0, 0, 0, 0, 0, 0, 
0, 0, 0, 0, 0, 0, 0, 0, 0, 0, 0, 0, 0, 0, 0, 0, 
0, 38, 0, 0, 0, 0, 0, 0, 0, 0, 0, 0, 0, 0, 0, 0, 
0, 0, 0, 0, 0, 0, 0, 0, 0, 0, 0, 0, 0, 0, 0, 0, 
0, 0, 0, 0, 0, 0, 0, 0, 0, 0, 0, 0, 0, 4, 5, 6, 
7, 8, 9, 0, 0, 0, 0, 0, 0, 32, 0, 4, 5, 6, 0, 0, 
0, 0, 0, 0, 0, 0, 0, 0, 0, 0, 0, 0, 0, 0, 22, 40, 
23, 23, 23, 22, 0, 0, 0, 1,
1, 3, 0, 0, 0, 0, 0, 0, 0, 0, 0, 38, 0, 0, 0, 0, 
0, 39, 0, 0, 0, 13, 15, 35, 14, 15, 35, 15, 14, 15, 35, 35, 
15, 15, 14, 16, 0, 0, 38, 0, 0, 0, 0, 0, 0, 0, 0, 0, 
0, 0, 0, 0, 0, 0, 0, 0, 0, 0, 39, 0, 0, 0, 0, 0, 
0, 0, 0, 0, 0, 0, 0, 0, 0, 0, 0, 0, 0, 7, 8, 9, 
2, 3, 0, 0, 0, 0, 0, 0, 0, 0, 1, 3, 8, 9, 0, 0, 
0, 0, 0, 0, 0, 0, 0, 0, 0, 0, 0, 0, 0, 0, 25, 0, 
0, 0, 0, 26, 0, 0, 0, 4,
7, 9, 0, 0, 0, 0, 0, 0, 0, 0, 13, 15, 35, 35, 15, 35, 
15, 15, 35, 15, 15, 16, 0, 0, 17, 0, 0, 0, 20, 0, 0, 0, 
0, 0, 18, 13, 35, 15, 14, 35, 35, 15, 14, 15, 15, 35, 14, 35, 
35, 15, 16, 0, 0, 0, 0, 0, 0, 0, 13, 15, 15, 16, 0, 0, 
0, 0, 0, 0, 0, 0, 0, 0, 0, 0, 0, 0, 33, 0, 0, 4, 
5, 6, 0, 43, 0, 0, 0, 0, 0, 0, 7, 9, 12, 0, 0, 0, 
0, 0, 0, 0, 0, 0, 0, 0, 0, 0, 0, 0, 0, 0, 25, 0, 
0, 0, 0, 25, 0, 0, 1, 2,
3, 0, 0, 0, 0, 0, 0, 0, 1, 2, 3, 0, 0, 0, 0, 0, 
0, 0, 0, 0, 0, 19, 0, 0, 18, 0, 0, 0, 17, 0, 0, 0, 
0, 0, 17, 18, 0, 0, 18, 0, 0, 0, 20, 0, 0, 0, 18, 0, 
0, 0, 19, 0, 0, 0, 0, 0, 0, 0, 19, 0, 0, 18, 0, 0, 
0, 0, 33, 0, 0, 0, 0, 0, 33, 0, 0, 0, 0, 0, 0, 7, 
8, 9, 0, 44, 0, 38, 0, 0, 39, 0, 0, 1, 3, 0, 0, 0, 
0, 0, 0, 0, 0, 0, 0, 0, 0, 0, 0, 0, 0, 0, 26, 0, 
0, 0, 0, 25, 0, 0, 4, 5,
9, 38, 0, 0, 0, 0, 38, 0, 4, 5, 6, 0, 0, 0, 0, 0, 
0, 0, 0, 0, 0, 18, 0, 0, 19, 0, 0, 0, 18, 0, 0, 0, 
0, 0, 20, 20, 0, 0, 17, 0, 0, 0, 18, 0, 0, 0, 19, 0, 
0, 0, 20, 0, 0, 39, 0, 0, 0, 0, 18, 0, 0, 19, 0, 0, 
0, 0, 0, 0, 0, 0, 0, 0, 0, 0, 0, 0, 0, 0, 1, 2, 
3, 0, 0, 44, 0, 21, 23, 40, 23, 23, 40, 4, 6, 0, 0, 0, 
0, 0, 0, 0, 0, 0, 0, 0, 0, 0, 0, 0, 0, 0, 21, 23, 
23, 40, 23, 23, 40, 23, 7, 8,
2, 3, 0, 0, 0, 0, 1, 3, 7, 8, 9, 0, 0, 0, 0, 0, 
0, 0, 0, 0, 0, 20, 38, 0, 17, 0, 0, 0, 19, 0, 37, 0, 
0, 0, 19, 17, 0, 0, 19, 0, 0, 38, 19, 0, 0, 0, 17, 0, 
0, 0, 18, 0, 1, 3, 0, 0, 0, 1, 3, 29, 29, 29, 29, 29, 
29, 29, 29, 29, 29, 29, 29, 29, 29, 29, 29, 29, 29, 29, 4, 5, 
6, 0, 0, 33, 0, 25, 0, 0, 0, 0, 0, 30, 32, 0, 0, 0, 
0, 0, 0, 0, 0, 0, 0, 0, 0, 0, 0, 0, 0, 0, 25, 0, 
0, 0, 0, 0, 0, 1, 2, 3,
5, 6, 0, 0, 0, 0, 7, 9, 42, 1, 2, 3, 0, 0, 0, 0, 
0, 0, 0, 0, 0, 1, 2, 3, 20, 0, 38, 0, 17, 1, 3, 0, 
1, 3, 46, 47, 0, 1, 3, 0, 0, 1, 3, 0, 0, 1, 2, 3, 
0, 0, 20, 0, 7, 9, 0, 1, 3, 7, 9, 34, 1, 3, 34, 34, 
34, 1, 2, 3, 34, 34, 34, 1, 2, 3, 34, 34, 34, 1, 2, 3, 
9, 0, 0, 0, 0, 25, 0, 0, 0, 0, 0, 31, 0, 0, 0, 0, 
0, 0, 0, 45, 47, 45, 0, 0, 0, 0, 0, 0, 0, 0, 26, 0, 
0, 0, 0, 0, 0, 4, 5, 6,
8, 9, 0, 0, 0, 0, 1, 2, 3, 4, 5, 6, 0, 0, 0, 0, 
0, 0, 0, 1, 2, 4, 5, 6, 1, 2, 3, 1, 3, 7, 1, 3, 
7, 9, 41, 1, 1, 3, 9, 1, 3, 7, 9, 1, 3, 4, 5, 1, 
2, 3, 1, 3, 42, 1, 3, 7, 9, 41, 1, 3, 7, 9, 1, 2, 
3, 4, 5, 6, 1, 2, 3, 4, 5, 6, 1, 2, 3, 4, 5, 6, 
2, 3, 0, 0, 0, 26, 0, 0, 0, 0, 0, 0, 0, 0, 0, 0, 
0, 0, 0, 1, 2, 3, 46, 47, 46, 47, 0, 0, 0, 0, 25, 0, 
0, 0, 0, 0, 0, 7, 8, 9,
3, 41, 0, 0, 0, 0, 4, 5, 6, 7, 8, 9, 0, 0, 0, 0, 
0, 0, 0, 4, 5, 7, 8, 9, 4, 5, 6, 7, 9, 41, 7, 9, 
42, 1, 3, 7, 7, 9, 3, 7, 9, 1, 3, 7, 9, 7, 8, 4, 
5, 6, 7, 9, 1, 3, 9, 9, 1, 3, 7, 9, 1, 3, 4, 5, 
6, 7, 8, 9, 4, 5, 6, 7, 8, 9, 4, 5, 6, 7, 8, 9, 
5, 6, 0, 0, 0, 27, 38, 0, 39, 0, 0, 0, 0, 0, 0, 0, 
0, 0, 0, 4, 5, 6, 1, 3, 1, 3, 0, 0, 0, 0, 25, 0, 
0, 0, 0, 0, 0, 1, 2, 3,
6, 0, 0, 0, 0, 0, 7, 8, 9, 0, 0, 0, 0, 0, 0, 0, 
0, 0, 0, 7, 8, 9, 0, 0, 7, 8, 9, 0, 1, 3, 0, 1, 
3, 7, 9, 0, 0, 7, 9, 0, 0, 7, 9, 0, 0, 0, 0, 7, 
8, 9, 0, 0, 7, 9, 0, 0, 7, 9, 0, 0, 7, 9, 7, 8, 
9, 0, 0, 0, 7, 8, 9, 0, 0, 0, 7, 8, 9, 0, 1, 7, 
8, 9, 0, 0, 21, 23, 23, 40, 23, 21, 0, 0, 0, 0, 0, 0, 
0, 0, 0, 7, 8, 9, 7, 9, 7, 9, 0, 0, 0, 0, 25, 0, 
0, 0, 0, 0, 0, 4, 5, 6,
9, 0, 0, 0, 1, 3, 41, 1, 3, 0, 0, 0, 0, 0, 0, 0, 
21, 23, 23, 1, 3, 0, 0, 0, 0, 0, 0, 0, 7, 9, 0, 7, 
9, 0, 0, 0, 0, 0, 0, 0, 0, 0, 0, 0, 0, 0, 0, 0, 
0, 0, 0, 0, 0, 0, 0, 0, 0, 0, 0, 0, 0, 0, 0, 0, 
0, 0, 0, 0, 0, 0, 0, 0, 0, 0, 0, 0, 0, 0, 4, 5, 
6, 0, 0, 0, 25, 0, 0, 0, 0, 25, 0, 0, 0, 0, 0, 0, 
0, 0, 0, 0, 1, 3, 0, 0, 0, 0, 0, 0, 37, 0, 26, 0, 
0, 0, 0, 0, 0, 7, 8, 9,
2, 3, 0, 0, 7, 9, 1, 7, 9, 0, 0, 0, 0, 0, 0, 0, 
25, 0, 43, 7, 9, 0, 0, 0, 0, 0, 0, 0, 0, 0, 0, 0, 
0, 0, 0, 0, 0, 0, 0, 0, 0, 0, 0, 0, 0, 0, 0, 0, 
0, 0, 0, 0, 0, 0, 0, 0, 0, 0, 0, 0, 0, 0, 0, 0, 
0, 0, 0, 0, 0, 0, 0, 0, 0, 0, 0, 0, 0, 1, 2, 3, 
1, 2, 3, 0, 26, 0, 0, 43, 0, 26, 0, 0, 0, 0, 0, 0, 
0, 0, 1, 2, 3, 9, 42, 0, 0, 0, 0, 21, 40, 23, 23, 40, 
23, 22, 0, 0, 0, 0, 1, 2,
5, 6, 0, 0, 0, 0, 4, 5, 6, 0, 0, 0, 0, 0, 0, 0, 
25, 0, 44, 1, 2, 3, 0, 0, 39, 0, 0, 0, 0, 0, 0, 0, 
0, 0, 33, 0, 0, 0, 0, 0, 0, 0, 0, 0, 0, 0, 0, 0, 
0, 0, 0, 0, 0, 0, 0, 0, 0, 0, 0, 0, 0, 0, 0, 0, 
33, 0, 0, 0, 0, 0, 0, 0, 0, 0, 0, 0, 0, 4, 5, 6, 
4, 5, 6, 0, 25, 0, 0, 44, 0, 25, 0, 0, 0, 0, 0, 0, 
0, 0, 4, 5, 6, 1, 3, 0, 0, 0, 0, 25, 0, 0, 0, 0, 
0, 26, 0, 0, 43, 0, 4, 5,
8, 9, 0, 0, 0, 0, 7, 8, 9, 0, 0, 0, 0, 33, 0, 0, 
26, 0, 1, 4, 5, 6, 23, 23, 22, 0, 0, 0, 0, 0, 0, 0, 
0, 0, 0, 0, 0, 0, 0, 0, 0, 0, 0, 0, 33, 0, 0, 0, 
0, 33, 0, 0, 0, 0, 0, 0, 0, 0, 33, 0, 0, 0, 0, 0, 
0, 0, 0, 0, 0, 0, 0, 0, 0, 0, 0, 0, 0, 7, 8, 9, 
7, 8, 9, 0, 25, 0, 38, 44, 0, 27, 0, 0, 0, 0, 0, 0, 
0, 0, 7, 8, 9, 7, 9, 0, 0, 0, 0, 25, 0, 0, 0, 0, 
0, 27, 0, 38, 44, 0, 7, 8,
1, 3, 0, 0, 39, 38, 42, 1, 3, 0, 0, 0, 0, 0, 0, 0, 
25, 0, 4, 7, 8, 9, 0, 0, 25, 0, 0, 0, 0, 0, 0, 33, 
0, 0, 0, 0, 0, 0, 0, 0, 0, 0, 0, 0, 0, 0, 0, 0, 
0, 0, 0, 0, 0, 0, 0, 0, 0, 0, 0, 0, 0, 0, 0, 0, 
0, 0, 0, 0, 33, 0, 0, 0, 0, 0, 0, 0, 0, 0, 0, 4, 
5, 6, 23, 40, 23, 23, 23, 40, 23, 21, 0, 0, 0, 0, 0, 0, 
0, 0, 0, 1, 3, 0, 0, 0, 0, 0, 0, 26, 0, 0, 0, 0, 
0, 21, 23, 23, 23, 40, 23, 1,
7, 9, 0, 0, 1, 2, 3, 7, 9, 0, 0, 0, 0, 0, 0, 0, 
25, 0, 7, 8, 9, 0, 0, 0, 26, 0, 0, 0, 0, 0, 0, 0, 
0, 0, 0, 0, 0, 0, 33, 0, 0, 0, 0, 0, 0, 0, 0, 0, 
0, 0, 0, 0, 0, 0, 33, 0, 0, 0, 0, 0, 0, 0, 0, 0, 
0, 0, 0, 0, 0, 0, 0, 0, 0, 0, 0, 0, 0, 0, 1, 2, 
3, 1, 2, 3, 0, 0, 0, 0, 0, 26, 0, 0, 0, 0, 0, 0, 
0, 0, 0, 7, 9, 37, 0, 0, 0, 0, 0, 25, 0, 0, 0, 0, 
0, 25, 0, 0, 43, 0, 0, 4,
3, 0, 0, 0, 4, 5, 6, 41, 11, 0, 0, 33, 0, 0, 0, 0, 
25, 0, 0, 1, 3, 0, 37, 0, 25, 0, 0, 0, 0, 0, 0, 0, 
0, 0, 0, 0, 0, 0, 0, 0, 0, 0, 0, 0, 0, 0, 0, 0, 
0, 0, 0, 0, 0, 38, 0, 0, 0, 0, 0, 0, 0, 0, 0, 0, 
0, 0, 0, 0, 0, 0, 0, 33, 0, 0, 0, 0, 0, 0, 4, 5, 
6, 4, 5, 6, 0, 0, 43, 0, 0, 25, 0, 0, 0, 0, 0, 0, 
0, 0, 1, 3, 1, 3, 0, 0, 0, 0, 0, 25, 0, 0, 0, 0, 
0, 25, 38, 0, 44, 0, 39, 7,
9, 38, 0, 0, 7, 8, 9, 1, 3, 0, 0, 0, 0, 0, 0, 0, 
25, 0, 0, 7, 1, 3, 1, 2, 3, 0, 0, 0, 0, 0, 0, 0, 
0, 0, 0, 0, 0, 0, 0, 0, 0, 0, 0, 0, 0, 0, 0, 0, 
39, 0, 0, 0, 0, 37, 0, 0, 0, 0, 0, 0, 0, 0, 0, 0, 
0, 0, 0, 0, 0, 0, 0, 0, 0, 0, 0, 0, 0, 0, 7, 8, 
9, 7, 8, 9, 39, 41, 44, 0, 0, 25, 0, 0, 0, 0, 0, 0, 
0, 0, 7, 9, 7, 9, 0, 0, 0, 0, 0, 26, 0, 0, 0, 0, 
0, 22, 23, 40, 23, 22, 1, 2,
1, 3, 0, 0, 0, 11, 41, 7, 9, 39, 0, 0, 0, 0, 0, 0, 
25, 0, 0, 41, 7, 9, 4, 5, 6, 41, 1, 2, 3, 0, 0, 0, 
0, 0, 0, 0, 0, 0, 0, 0, 0, 0, 0, 0, 38, 0, 0, 0, 
37, 39, 0, 0, 38, 37, 37, 37, 0, 1, 2, 3, 11, 0, 0, 1, 
2, 3, 0, 0, 0, 0, 0, 0, 0, 0, 0, 0, 0, 0, 1, 7, 
8, 9, 41, 42, 41, 42, 41, 0, 38, 27, 0, 0, 0, 0, 0, 0, 
0, 0, 0, 1, 3, 0, 0, 0, 0, 0, 0, 25, 0, 0, 0, 0, 
0, 25, 0, 0, 0, 25, 4, 5,
7, 9, 0, 0, 0, 1, 2, 3, 42, 12, 0, 0, 0, 0, 0, 0, 
26, 0, 0, 1, 2, 3, 7, 8, 9, 3, 4, 5, 6, 29, 29, 29, 
1, 2, 3, 0, 0, 0, 0, 0, 0, 0, 1, 2, 3, 0, 0, 37, 
37, 37, 0, 1, 2, 3, 1, 2, 3, 4, 5, 6, 1, 2, 3, 4, 
5, 6, 0, 0, 0, 1, 2, 3, 0, 0, 0, 0, 0, 0, 1, 2, 
3, 23, 23, 23, 40, 23, 40, 23, 23, 21, 0, 0, 0, 0, 0, 0, 
0, 0, 0, 7, 9, 0, 0, 0, 0, 0, 0, 25, 0, 0, 0, 0, 
0, 26, 0, 0, 0, 27, 7, 8,
3, 0, 0, 0, 0, 4, 5, 6, 1, 3, 0, 0, 0, 0, 0, 0, 
25, 0, 1, 2, 3, 6, 0, 4, 5, 6, 7, 8, 9, 1, 2, 3, 
4, 5, 6, 1, 2, 3, 1, 2, 3, 0, 4, 5, 6, 1, 2, 3, 
1, 2, 3, 4, 5, 6, 4, 5, 6, 7, 8, 9, 4, 5, 6, 7, 
8, 9, 1, 2, 3, 4, 5, 6, 0, 0, 0, 0, 0, 0, 4, 5, 
6, 3, 0, 0, 0, 0, 0, 0, 0, 25, 0, 0, 0, 0, 0, 0, 
0, 0, 0, 1, 2, 3, 0, 0, 0, 0, 0, 26, 0, 0, 0, 0, 
0, 25, 0, 0, 0, 1, 2, 3,
9, 0, 0, 0, 39, 7, 8, 9, 7, 9, 0, 0, 0, 0, 0, 0, 
25, 0, 4, 5, 6, 9, 0, 7, 8, 9, 1, 3, 11, 4, 5, 6, 
7, 8, 9, 4, 5, 6, 4, 5, 6, 0, 7, 8, 9, 4, 5, 6, 
4, 5, 6, 7, 8, 9, 7, 8, 9, 11, 1, 3, 7, 8, 9, 1, 
3, 11, 4, 5, 6, 7, 8, 9, 0, 0, 0, 0, 0, 0, 7, 8, 
9, 6, 38, 0, 0, 0, 0, 0, 0, 27, 0, 0, 0, 0, 0, 0, 
0, 0, 0, 4, 5, 6, 0, 0, 0, 0, 0, 25, 0, 0, 0, 0, 
0, 25, 0, 0, 0, 4, 5, 6,
2, 3, 0, 0, 1, 3, 41, 12, 41, 1, 3, 0, 0, 0, 0, 0, 
25, 0, 7, 8, 9, 0, 0, 0, 0, 0, 7, 9, 0, 7, 8, 9, 
0, 0, 0, 7, 8, 9, 7, 8, 9, 0, 0, 0, 0, 7, 8, 9, 
7, 8, 9, 0, 0, 0, 0, 0, 0, 0, 7, 9, 0, 0, 0, 7, 
9, 0, 7, 8, 9, 1, 3, 1, 2, 3, 0, 0, 0, 0, 0, 7, 
8, 9, 23, 40, 23, 23, 23, 40, 23, 21, 0, 0, 0, 0, 0, 0, 
0, 0, 0, 7, 8, 9, 33, 0, 0, 0, 0, 25, 0, 0, 0, 0, 
0, 25, 0, 43, 0, 7, 8, 9,
5, 6, 0, 0, 7, 9, 1, 2, 3, 7, 9, 0, 0, 0, 0, 0, 
26, 0, 0, 1, 2, 3, 0, 0, 0, 0, 0, 0, 0, 0, 0, 0, 
0, 0, 0, 0, 0, 0, 0, 0, 0, 0, 0, 0, 0, 0, 0, 0, 
0, 0, 0, 0, 0, 0, 0, 0, 0, 0, 0, 0, 0, 0, 0, 0, 
0, 0, 0, 0, 0, 7, 9, 4, 5, 6, 0, 0, 0, 0, 1, 2, 
3, 0, 0, 0, 0, 0, 0, 0, 0, 26, 0, 0, 0, 0, 0, 0, 
0, 0, 1, 2, 3, 0, 0, 0, 0, 0, 0, 26, 39, 0, 0, 0, 
0, 26, 0, 44, 0, 0, 1, 2,
8, 9, 0, 0, 12, 42, 4, 5, 6, 0, 0, 0, 0, 33, 0, 0, 
25, 43, 0, 4, 5, 6, 0, 0, 0, 0, 0, 0, 0, 0, 0, 0, 
0, 0, 0, 0, 0, 0, 0, 0, 0, 0, 0, 0, 0, 0, 0, 0, 
0, 0, 0, 0, 0, 0, 0, 0, 0, 0, 0, 0, 0, 0, 0, 0, 
0, 0, 0, 0, 0, 0, 0, 7, 8, 9, 21, 23, 23, 23, 4, 5, 
6, 0, 0, 0, 39, 0, 0, 0, 0, 25, 0, 0, 0, 0, 0, 0, 
0, 0, 4, 5, 6, 0, 0, 0, 0, 21, 24, 23, 21, 0, 0, 0, 
0, 25, 0, 44, 0, 0, 4, 5,
1, 3, 0, 0, 1, 3, 7, 8, 9, 38, 0, 0, 0, 0, 0, 0, 
27, 44, 0, 7, 8, 9, 0, 0, 0, 0, 0, 0, 0, 0, 0, 0, 
0, 0, 0, 0, 0, 0, 0, 0, 0, 0, 0, 0, 0, 0, 0, 0, 
0, 0, 0, 0, 22, 40, 23, 21, 0, 0, 0, 0, 0, 0, 0, 0, 
0, 0, 0, 0, 0, 0, 0, 0, 0, 0, 25, 0, 0, 0, 7, 8, 
1, 2, 3, 0, 42, 0, 0, 43, 0, 25, 0, 0, 0, 0, 0, 0, 
0, 0, 7, 8, 9, 37, 0, 0, 0, 27, 28, 0, 27, 0, 0, 38, 
0, 27, 0, 0, 0, 0, 7, 8,
3, 9, 38, 0, 7, 9, 42, 41, 1, 3, 0, 0, 0, 0, 0, 0, 
22, 40, 1, 3, 41, 0, 0, 0, 0, 0, 0, 0, 0, 0, 0, 0, 
0, 0, 0, 0, 0, 0, 0, 0, 0, 0, 0, 0, 0, 0, 0, 0, 
0, 0, 0, 0, 25, 0, 0, 25, 0, 0, 0, 0, 0, 0, 0, 0, 
0, 0, 0, 0, 0, 0, 0, 0, 0, 0, 26, 0, 0, 0, 0, 1, 
4, 5, 6, 41, 41, 42, 38, 44, 0, 27, 0, 0, 0, 0, 0, 0, 
0, 0, 0, 1, 2, 3, 0, 22, 23, 23, 40, 23, 40, 23, 23, 40, 
23, 22, 0, 0, 0, 0, 0, 1,
6, 1, 3, 0, 0, 1, 2, 3, 7, 9, 0, 0, 0, 0, 0, 0, 
25, 0, 7, 1, 2, 3, 0, 0, 0, 0, 0, 22, 23, 40, 23, 23, 
40, 23, 23, 23, 40, 23, 23, 23, 40, 23, 21, 23, 40, 22, 0, 0, 
0, 0, 0, 0, 25, 0, 0, 26, 0, 0, 0, 0, 0, 0, 0, 0, 
0, 0, 0, 0, 0, 0, 0, 0, 0, 0, 21, 23, 23, 23, 23, 4, 
7, 8, 9, 23, 40, 23, 23, 40, 23, 21, 0, 0, 0, 0, 0, 0, 
0, 0, 0, 4, 5, 6, 0, 25, 0, 0, 0, 0, 0, 0, 0, 0, 
0, 25, 0, 0, 0, 0, 0, 4,
9, 7, 9, 0, 0, 4, 5, 6, 0, 0, 0, 0, 0, 0, 33, 0, 
25, 0, 0, 4, 5, 6, 0, 0, 0, 0, 0, 25, 0, 0, 0, 0, 
0, 0, 0, 0, 0, 0, 0, 0, 0, 0, 25, 0, 0, 25, 0, 0, 
0, 0, 0, 0, 25, 0, 0, 25, 0, 22, 23, 23, 23, 22, 23, 40, 
23, 23, 21, 0, 0, 0, 0, 0, 0, 0, 25, 0, 0, 0, 0, 7, 
8, 9, 0, 0, 0, 0, 0, 0, 0, 25, 0, 0, 0, 0, 0, 0, 
0, 0, 0, 7, 8, 9, 0, 25, 0, 0, 0, 0, 0, 0, 0, 0, 
0, 25, 0, 0, 0, 0, 41, 7,
3, 0, 0, 0, 39, 7, 8, 9, 0, 0, 0, 0, 0, 0, 0, 0, 
26, 0, 38, 7, 8, 9, 0, 0, 0, 0, 0, 26, 0, 0, 0, 0, 
0, 0, 0, 0, 0, 0, 0, 0, 0, 0, 26, 0, 0, 25, 0, 0, 
0, 0, 0, 0, 25, 0, 0, 25, 0, 25, 0, 0, 0, 25, 0, 0, 
0, 0, 26, 0, 0, 0, 0, 0, 0, 0, 27, 0, 0, 0, 1, 2, 
3, 0, 0, 0, 0, 0, 0, 0, 0, 25, 0, 0, 0, 0, 0, 0, 
0, 0, 1, 3, 1, 3, 0, 25, 0, 0, 0, 0, 0, 0, 0, 0, 
0, 26, 0, 0, 0, 33, 1, 3,
9, 0, 0, 0, 12, 42, 1, 3, 0, 0, 0, 33, 0, 0, 0, 0, 
25, 0, 1, 2, 3, 0, 0, 0, 0, 0, 0, 25, 0, 0, 0, 0, 
0, 0, 0, 0, 0, 0, 0, 0, 0, 0, 25, 0, 0, 25, 0, 0, 
0, 0, 0, 0, 26, 0, 0, 27, 0, 25, 0, 0, 0, 27, 0, 0, 
0, 0, 27, 0, 0, 0, 0, 21, 23, 23, 23, 23, 23, 23, 4, 5, 
6, 0, 0, 0, 0, 0, 0, 0, 0, 26, 0, 0, 0, 0, 0, 0, 
0, 0, 7, 9, 7, 9, 0, 25, 0, 0, 0, 0, 0, 0, 0, 0, 
0, 25, 0, 0, 0, 0, 7, 9,
1, 3, 0, 0, 1, 3, 7, 9, 39, 0, 0, 0, 0, 0, 0, 0, 
27, 0, 4, 5, 6, 0, 0, 0, 0, 0, 0, 27, 0, 0, 0, 0, 
0, 0, 0, 0, 0, 0, 0, 0, 0, 0, 25, 0, 0, 26, 0, 0, 
0, 0, 0, 0, 27, 0, 1, 3, 0, 25, 0, 0, 0, 1, 2, 3, 
0, 0, 1, 2, 3, 0, 0, 27, 0, 0, 0, 0, 0, 0, 7, 8, 
9, 3, 0, 0, 0, 39, 0, 38, 0, 27, 0, 0, 0, 0, 0, 0, 
0, 0, 0, 1, 3, 0, 0, 26, 0, 0, 0, 0, 0, 0, 0, 0, 
0, 25, 0, 0, 0, 0, 0, 1,
7, 9, 0, 0, 7, 9, 42, 1, 3, 0, 0, 0, 0, 0, 0, 0, 
1, 3, 7, 8, 9, 0, 0, 0, 0, 0, 0, 12, 29, 29, 29, 29, 
29, 29, 29, 29, 29, 29, 29, 29, 29, 29, 29, 29, 29, 29, 29, 29, 
29, 29, 29, 29, 1, 3, 7, 9, 29, 29, 29, 29, 29, 4, 5, 6, 
29, 29, 4, 5, 6, 1, 2, 3, 29, 29, 29, 29, 29, 29, 1, 4, 
1, 2, 3, 23, 40, 23, 23, 23, 40, 21, 0, 0, 0, 0, 0, 0, 
0, 0, 0, 7, 9, 0, 0, 25, 33, 0, 0, 0, 0, 0, 33, 0, 
0, 25, 0, 0, 33, 0, 0, 7,
3, 0, 0, 1, 2, 3, 12, 7, 9, 0, 0, 0, 0, 0, 0, 0, 
7, 9, 42, 7, 1, 3, 0, 0, 0, 0, 0, 1, 3, 34, 34, 34, 
34, 34, 34, 34, 34, 34, 34, 1, 2, 3, 1, 3, 34, 34, 34, 34, 
34, 34, 1, 3, 7, 9, 34, 34, 1, 3, 34, 1, 3, 7, 8, 9, 
1, 3, 7, 8, 9, 4, 5, 6, 34, 1, 2, 3, 1, 3, 4, 7, 
4, 5, 6, 0, 0, 0, 0, 0, 0, 25, 0, 0, 0, 0, 0, 0, 
0, 0, 1, 3, 1, 3, 0, 25, 0, 0, 0, 0, 0, 0, 0, 0, 
0, 26, 0, 0, 0, 0, 1, 3,
9, 0, 0, 4, 5, 6, 1, 3, 42, 0, 0, 0, 0, 0, 0, 0, 
0, 1, 3, 1, 7, 9, 0, 0, 0, 0, 0, 7, 36, 1, 3, 34, 
34, 34, 34, 34, 34, 34, 34, 4, 5, 6, 10, 9, 12, 1, 3, 34, 
34, 34, 7, 9, 1, 2, 3, 34, 7, 9, 3, 7, 9, 1, 3, 12, 
7, 9, 41, 1, 3, 7, 8, 9, 3, 4, 5, 6, 7, 9, 7, 8, 
7, 8, 9, 39, 0, 0, 0, 0, 0, 27, 0, 0, 0, 0, 0, 0, 
0, 0, 7, 9, 7, 9, 0, 25, 0, 0, 0, 0, 0, 0, 0, 0, 
0, 25, 0, 0, 0, 0, 7, 9,
2, 3, 0, 7, 8, 9, 7, 9, 12, 33, 0, 0, 0, 0, 0, 0, 
0, 7, 9, 1, 2, 3, 33, 0, 0, 0, 0, 32, 30, 32, 9, 34, 
34, 34, 34, 34, 34, 34, 34, 7, 8, 9, 30, 32, 30, 7, 10, 36, 
3, 1, 3, 32, 4, 5, 6, 1, 2, 3, 9, 32, 30, 7, 9, 30, 
1, 2, 3, 30, 9, 1, 2, 3, 36, 36, 30, 9, 32, 0, 0, 1, 
2, 3, 23, 23, 40, 23, 23, 40, 23, 21, 0, 0, 0, 0, 0, 0, 
0, 0, 0, 1, 3, 0, 0, 25, 0, 0, 0, 0, 0, 0, 0, 0, 
0, 25, 0, 0, 0, 0, 0, 1,
5, 6, 0, 0, 0, 1, 2, 3, 0, 0, 0, 33, 0, 0, 0, 0, 
0, 0, 0, 4, 5, 6, 0, 0, 0, 0, 0, 0, 31, 0, 30, 1, 
3, 34, 34, 34, 34, 1, 2, 3, 12, 32, 31, 0, 31, 32, 30, 32, 
9, 32, 9, 0, 32, 30, 32, 4, 5, 6, 32, 0, 31, 30, 32, 31, 
4, 5, 6, 31, 32, 30, 5, 6, 30, 32, 31, 32, 0, 0, 1, 4, 
5, 6, 0, 0, 0, 0, 0, 0, 0, 25, 0, 0, 0, 0, 0, 0, 
0, 0, 0, 7, 9, 0, 0, 26, 33, 0, 0, 0, 0, 0, 0, 0, 
0, 25, 0, 0, 0, 0, 0, 7,
8, 9, 0, 0, 0, 4, 5, 6, 0, 0, 0, 0, 0, 0, 0, 0, 
0, 0, 0, 7, 8, 9, 0, 0, 0, 0, 0, 0, 0, 0, 31, 7, 
36, 1, 3, 34, 34, 4, 5, 6, 11, 0, 0, 0, 0, 0, 31, 0, 
32, 0, 32, 0, 0, 31, 0, 7, 8, 30, 0, 0, 0, 31, 0, 0, 
7, 36, 9, 0, 0, 7, 36, 30, 31, 0, 0, 0, 0, 0, 4, 7, 
8, 9, 0, 38, 0, 0, 0, 0, 0, 26, 0, 0, 0, 0, 0, 0, 
0, 0, 0, 1, 2, 3, 0, 25, 0, 43, 0, 0, 0, 0, 0, 0, 
0, 26, 0, 0, 0, 0, 1, 3,
3, 0, 0, 0, 39, 7, 8, 9, 0, 0, 0, 0, 33, 0, 0, 0, 
43, 0, 0, 1, 3, 0, 33, 0, 0, 0, 0, 0, 0, 0, 0, 32, 
30, 32, 9, 34, 34, 10, 30, 32, 32, 0, 0, 0, 0, 0, 0, 0, 
0, 0, 0, 0, 0, 0, 0, 30, 32, 31, 0, 0, 0, 0, 0, 0, 
0, 30, 32, 0, 0, 0, 32, 31, 0, 0, 0, 0, 0, 0, 7, 8, 
9, 0, 0, 37, 0, 43, 0, 43, 0, 25, 0, 0, 0, 0, 0, 0, 
0, 0, 0, 4, 5, 6, 43, 25, 0, 44, 0, 0, 0, 0, 0, 0, 
0, 25, 0, 0, 0, 0, 7, 9,
6, 0, 0, 0, 1, 2, 3, 0, 0, 0, 0, 0, 0, 0, 0, 0, 
44, 0, 0, 7, 9, 0, 0, 0, 0, 0, 0, 0, 0, 0, 0, 0, 
31, 0, 12, 1, 3, 10, 31, 0, 0, 0, 0, 0, 0, 0, 0, 0, 
0, 0, 0, 0, 0, 0, 0, 31, 0, 0, 0, 0, 0, 0, 0, 0, 
0, 31, 0, 0, 0, 0, 0, 0, 0, 0, 0, 0, 0, 0, 0, 1, 
2, 3, 37, 37, 0, 44, 0, 44, 0, 27, 0, 0, 0, 0, 0, 0, 
0, 0, 0, 7, 8, 9, 44, 27, 0, 44, 0, 0, 0, 0, 0, 0, 
0, 25, 0, 0, 0, 1, 2, 3,
9, 38, 0, 0, 4, 5, 6, 0, 0, 0, 0, 0, 0, 0, 0, 0, 
44, 0, 1, 3, 1, 3, 0, 0, 33, 0, 0, 0, 0, 0, 0, 0, 
0, 0, 32, 7, 32, 32, 0, 0, 0, 0, 0, 0, 0, 0, 0, 0, 
0, 0, 0, 0, 0, 0, 0, 0, 0, 0, 0, 0, 0, 0, 0, 0, 
0, 0, 0, 0, 0, 0, 0, 0, 0, 0, 0, 0, 0, 0, 0, 4, 
5, 6, 40, 23, 23, 23, 40, 23, 23, 21, 0, 0, 0, 0, 0, 0, 
0, 0, 0, 0, 1, 3, 1, 2, 3, 44, 38, 0, 0, 0, 0, 0, 
0, 25, 0, 0, 0, 4, 5, 6,
2, 3, 0, 0, 7, 8, 9, 39, 0, 0, 0, 0, 0, 0, 0, 0, 
33, 0, 7, 9, 7, 9, 0, 0, 0, 0, 0, 0, 0, 0, 0, 0, 
0, 0, 0, 30, 0, 0, 0, 0, 0, 0, 0, 0, 0, 0, 0, 0, 
0, 0, 0, 0, 0, 0, 0, 0, 0, 0, 0, 0, 0, 0, 0, 0, 
0, 0, 0, 0, 0, 0, 0, 0, 0, 0, 0, 0, 0, 0, 0, 7, 
8, 9, 0, 0, 0, 0, 0, 0, 0, 25, 0, 0, 0, 0, 0, 0, 
0, 0, 0, 0, 7, 9, 4, 5, 6, 1, 3, 38, 39, 0, 0, 0, 
0, 26, 0, 0, 0, 7, 8, 9,
5, 6, 0, 0, 0, 0, 1, 2, 3, 0, 0, 0, 0, 0, 0, 0, 
0, 0, 0, 1, 3, 0, 0, 0, 0, 0, 33, 0, 0, 0, 0, 0, 
0, 0, 0, 31, 0, 0, 0, 0, 0, 0, 0, 0, 0, 0, 0, 0, 
0, 0, 0, 0, 0, 0, 0, 0, 0, 22, 23, 23, 40, 23, 23, 40, 
21, 0, 0, 0, 0, 0, 0, 0, 0, 0, 0, 0, 0, 0, 0, 1, 
2, 3, 0, 0, 0, 0, 0, 0, 0, 27, 0, 38, 0, 0, 0, 0, 
0, 0, 0, 1, 3, 0, 7, 8, 9, 7, 9, 1, 3, 0, 0, 0, 
0, 25, 0, 0, 0, 0, 0, 12,
8, 9, 0, 0, 0, 0, 4, 5, 6, 0, 0, 0, 0, 33, 0, 0, 
0, 0, 0, 7, 9, 0, 0, 0, 0, 0, 0, 0, 0, 0, 0, 0, 
0, 0, 0, 0, 0, 0, 0, 0, 0, 33, 0, 0, 0, 0, 0, 0, 
0, 0, 0, 0, 0, 33, 0, 0, 0, 25, 0, 0, 0, 0, 0, 0, 
25, 0, 0, 0, 0, 0, 0, 0, 0, 0, 0, 0, 0, 0, 0, 4, 
5, 6, 23, 23, 23, 40, 23, 23, 23, 23, 40, 23, 21, 0, 38, 0, 
0, 0, 0, 7, 9, 0, 0, 0, 0, 0, 0, 7, 9, 0, 0, 0, 
0, 25, 0, 0, 0, 0, 1, 2,
1, 3, 0, 0, 0, 0, 7, 8, 9, 0, 0, 0, 0, 0, 0, 0, 
0, 0, 1, 2, 3, 0, 0, 0, 0, 0, 0, 0, 33, 0, 0, 0, 
0, 0, 0, 0, 0, 0, 0, 0, 0, 0, 0, 0, 0, 0, 0, 33, 
0, 0, 0, 0, 0, 0, 0, 0, 0, 25, 0, 0, 0, 0, 0, 0, 
25, 0, 0, 0, 0, 0, 0, 0, 0, 0, 0, 0, 0, 0, 1, 2, 
3, 9, 3, 0, 0, 43, 0, 0, 0, 0, 43, 0, 25, 0, 12, 0, 
0, 0, 0, 0, 0, 0, 0, 0, 0, 0, 0, 0, 0, 0, 0, 0, 
0, 25, 0, 0, 0, 0, 4, 5,
7, 9, 0, 0, 0, 0, 0, 0, 1, 3, 0, 0, 0, 0, 0, 0, 
0, 0, 1, 2, 3, 0, 0, 0, 0, 0, 0, 0, 0, 0, 0, 0, 
0, 0, 0, 0, 0, 0, 0, 0, 0, 0, 0, 0, 0, 0, 0, 0, 
0, 0, 0, 0, 0, 0, 0, 0, 0, 25, 0, 0, 0, 0, 0, 0, 
25, 0, 22, 23, 40, 23, 40, 23, 23, 23, 40, 22, 0, 0, 4, 5, 
6, 5, 6, 0, 0, 44, 0, 0, 0, 0, 44, 0, 27, 0, 12, 1, 
2, 3, 0, 0, 0, 0, 0, 0, 0, 0, 0, 0, 0, 0, 0, 0, 
0, 26, 0, 0, 0, 1, 7, 8,
3, 0, 0, 0, 0, 0, 0, 0, 7, 9, 0, 0, 0, 0, 0, 0, 
0, 0, 4, 5, 6, 0, 0, 0, 0, 0, 0, 0, 0, 0, 0, 0, 
0, 1, 3, 0, 0, 0, 0, 0, 0, 0, 0, 0, 0, 0, 0, 0, 
0, 0, 0, 0, 0, 0, 0, 0, 0, 25, 0, 0, 0, 0, 0, 0, 
25, 0, 25, 0, 0, 0, 0, 0, 0, 0, 0, 26, 0, 0, 7, 8, 
9, 8, 9, 1, 3, 1, 3, 1, 3, 1, 3, 1, 3, 1, 3, 4, 
5, 6, 1, 2, 3, 33, 33, 0, 0, 0, 0, 0, 0, 0, 0, 0, 
0, 25, 0, 0, 1, 5, 6, 42,
9, 0, 0, 0, 0, 0, 0, 0, 1, 3, 0, 0, 0, 0, 0, 0, 
0, 0, 7, 8, 9, 3, 0, 0, 0, 0, 0, 0, 0, 0, 0, 0, 
0, 7, 9, 0, 0, 0, 0, 0, 0, 0, 0, 0, 0, 0, 0, 0, 
0, 0, 0, 0, 0, 0, 0, 0, 0, 25, 0, 0, 0, 0, 0, 0, 
25, 0, 27, 0, 0, 0, 0, 39, 0, 0, 0, 27, 0, 0, 12, 4, 
5, 6, 12, 7, 9, 7, 9, 5, 32, 30, 36, 7, 9, 7, 9, 7, 
8, 9, 4, 5, 6, 0, 0, 0, 0, 0, 0, 0, 0, 0, 0, 0, 
0, 25, 0, 0, 7, 8, 9, 41,
1, 3, 0, 0, 0, 0, 0, 37, 7, 9, 33, 0, 0, 0, 0, 0, 
0, 0, 0, 4, 5, 6, 0, 0, 0, 0, 0, 0, 0, 0, 0, 0, 
1, 3, 12, 0, 0, 0, 0, 0, 0, 0, 0, 0, 0, 0, 0, 0, 
0, 0, 0, 0, 0, 0, 0, 0, 0, 25, 0, 0, 0, 0, 0, 0, 
25, 0, 21, 23, 40, 23, 23, 23, 23, 40, 23, 22, 0, 0, 0, 7, 
8, 9, 0, 42, 0, 0, 0, 32, 0, 31, 32, 0, 0, 0, 0, 41, 
0, 0, 7, 8, 9, 0, 0, 0, 0, 0, 0, 0, 0, 0, 0, 0, 
0, 25, 0, 0, 1, 3, 41, 42,
7, 9, 33, 0, 0, 0, 0, 1, 3, 0, 0, 33, 0, 0, 0, 43, 
0, 0, 39, 7, 8, 9, 0, 0, 0, 0, 1, 3, 0, 0, 0, 0, 
7, 9, 1, 2, 3, 0, 0, 0, 0, 0, 0, 38, 0, 0, 0, 0, 
0, 0, 0, 0, 0, 0, 0, 0, 0, 27, 0, 0, 0, 33, 0, 0, 
25, 0, 26, 0, 0, 0, 0, 0, 0, 0, 0, 25, 0, 0, 0, 0, 
0, 0, 0, 41, 0, 0, 0, 0, 0, 0, 0, 0, 0, 0, 0, 42, 
0, 0, 0, 0, 0, 0, 0, 0, 0, 0, 0, 0, 0, 0, 0, 0, 
0, 26, 0, 1, 5, 6, 42, 41,
3, 0, 0, 33, 0, 1, 3, 7, 9, 0, 0, 0, 33, 0, 0, 44, 
0, 0, 1, 2, 3, 1, 3, 0, 0, 0, 7, 9, 0, 0, 0, 0, 
0, 1, 7, 8, 9, 3, 0, 0, 0, 0, 0, 1, 2, 3, 0, 0, 
1, 2, 3, 0, 0, 0, 0, 0, 1, 3, 0, 0, 0, 0, 0, 0, 
27, 0, 25, 0, 0, 0, 0, 0, 0, 0, 0, 25, 0, 38, 38, 0, 
0, 0, 0, 0, 0, 0, 0, 0, 0, 0, 0, 0, 0, 0, 0, 0, 
0, 0, 0, 0, 0, 0, 0, 0, 0, 0, 0, 0, 0, 0, 0, 0, 
0, 25, 0, 7, 8, 9, 41, 42,
9, 37, 0, 0, 0, 7, 1, 3, 0, 0, 0, 0, 0, 33, 0, 44, 
0, 0, 4, 5, 6, 7, 9, 29, 29, 1, 3, 1, 2, 3, 29, 29, 
29, 4, 5, 1, 2, 3, 1, 2, 3, 29, 29, 4, 5, 6, 29, 1, 
4, 5, 6, 29, 29, 29, 1, 2, 3, 9, 29, 29, 29, 29, 29, 29, 
1, 3, 29, 29, 29, 29, 29, 29, 29, 29, 29, 29, 29, 1, 2, 3, 
1, 2, 3, 1, 3, 0, 0, 0, 0, 0, 0, 1, 2, 2, 3, 1, 
2, 3, 0, 0, 0, 0, 0, 0, 0, 0, 0, 0, 0, 0, 0, 0, 
0, 25, 0, 0, 0, 1, 2, 3,
2, 3, 0, 0, 33, 0, 7, 9, 0, 0, 0, 0, 0, 0, 33, 44, 
0, 0, 7, 8, 9, 41, 1, 2, 3, 7, 9, 4, 5, 6, 12, 12, 
12, 7, 8, 4, 5, 6, 4, 5, 6, 34, 34, 7, 8, 9, 34, 7, 
7, 8, 9, 1, 3, 1, 4, 5, 6, 34, 34, 34, 1, 2, 3, 34, 
7, 9, 34, 1, 2, 3, 34, 34, 34, 34, 34, 34, 34, 4, 5, 6, 
4, 5, 6, 7, 9, 0, 0, 0, 0, 0, 0, 32, 4, 36, 6, 4, 
10, 6, 0, 0, 0, 0, 0, 0, 0, 0, 0, 0, 0, 0, 0, 0, 
0, 25, 0, 0, 0, 4, 5, 6,
5, 6, 0, 0, 0, 0, 0, 0, 0, 0, 0, 0, 0, 0, 0, 44, 
0, 0, 0, 1, 2, 3, 4, 5, 6, 42, 12, 7, 8, 9, 0, 0, 
0, 0, 0, 7, 8, 9, 7, 8, 9, 1, 2, 3, 34, 1, 2, 3, 
0, 0, 0, 7, 9, 7, 7, 8, 9, 1, 3, 34, 4, 1, 2, 3, 
34, 1, 2, 3, 5, 6, 1, 3, 2, 3, 1, 3, 34, 7, 8, 1, 
2, 3, 9, 0, 0, 0, 0, 0, 33, 0, 0, 0, 7, 8, 9, 7, 
8, 9, 0, 0, 0, 0, 0, 0, 0, 0, 0, 0, 0, 0, 0, 0, 
0, 26, 0, 0, 0, 7, 8, 9,
8, 9, 0, 0, 0, 0, 0, 0, 0, 0, 0, 0, 0, 0, 0, 44, 
0, 0, 0, 4, 5, 6, 7, 8, 9, 12, 0, 0, 0, 0, 0, 0, 
0, 0, 0, 0, 0, 0, 0, 12, 12, 4, 5, 6, 12, 4, 5, 6, 
0, 0, 0, 0, 0, 0, 0, 0, 0, 7, 9, 12, 7, 4, 5, 6, 
12, 4, 5, 6, 8, 1, 3, 9, 5, 6, 7, 9, 1, 3, 41, 4, 
5, 6, 0, 0, 0, 0, 0, 0, 0, 0, 0, 0, 0, 0, 4, 5, 
6, 0, 0, 1, 3, 0, 0, 0, 0, 0, 0, 0, 1, 3, 0, 39, 
0, 25, 0, 0, 1, 3, 42, 41,
1, 3, 0, 0, 0, 0, 0, 0, 0, 0, 0, 0, 0, 0, 0, 44, 
0, 0, 0, 7, 8, 9, 12, 0, 0, 0, 0, 0, 0, 0, 0, 0, 
0, 0, 0, 0, 0, 0, 0, 0, 0, 7, 8, 9, 0, 7, 8, 9, 
0, 0, 0, 0, 0, 0, 0, 0, 0, 0, 0, 0, 0, 7, 8, 9, 
30, 7, 8, 9, 32, 7, 1, 3, 8, 9, 0, 0, 7, 9, 1, 3, 
1, 3, 0, 0, 0, 0, 0, 39, 38, 0, 0, 0, 0, 38, 7, 8, 
9, 1, 3, 7, 9, 0, 0, 0, 0, 0, 1, 3, 7, 9, 0, 1, 
3, 25, 0, 38, 7, 9, 41, 42,
7, 9, 39, 0, 0, 0, 0, 0, 0, 43, 0, 0, 0, 0, 0, 43, 
0, 0, 0, 0, 0, 0, 0, 0, 0, 0, 0, 0, 0, 0, 0, 38, 
0, 0, 0, 0, 0, 0, 0, 0, 0, 0, 0, 0, 0, 0, 0, 0, 
0, 1, 3, 0, 0, 0, 0, 0, 0, 0, 0, 0, 0, 0, 0, 32, 
31, 0, 0, 0, 0, 0, 7, 9, 0, 0, 0, 0, 0, 12, 7, 9, 
7, 9, 0, 0, 0, 0, 0, 1, 3, 29, 29, 29, 29, 1, 2, 3, 
29, 7, 9, 29, 29, 29, 29, 29, 29, 29, 7, 9, 29, 1, 3, 7, 
9, 29, 29, 1, 3, 1, 2, 3,
42, 1, 3, 0, 37, 38, 0, 38, 0, 44, 0, 0, 0, 0, 0, 44, 
0, 38, 0, 0, 0, 0, 0, 0, 0, 0, 0, 0, 0, 0, 1, 3, 
0, 0, 0, 0, 0, 0, 0, 0, 0, 0, 0, 0, 0, 0, 0, 0, 
0, 7, 9, 1, 3, 1, 3, 0, 0, 0, 0, 0, 0, 0, 0, 0, 
0, 0, 0, 0, 0, 0, 0, 0, 0, 0, 0, 42, 0, 0, 0, 0, 
0, 42, 0, 0, 0, 0, 0, 7, 9, 34, 34, 34, 34, 4, 5, 6, 
34, 34, 34, 34, 34, 34, 34, 34, 34, 34, 34, 34, 34, 7, 9, 1, 
3, 1, 3, 1, 2, 3, 5, 6,
41, 7, 9, 37, 37, 1, 2, 3, 0, 44, 0, 0, 0, 0, 39, 44, 
0, 1, 2, 3, 12, 0, 0, 0, 0, 0, 0, 0, 1, 3, 7, 9, 
1, 3, 0, 0, 0, 0, 0, 0, 0, 0, 0, 0, 0, 0, 0, 1, 
3, 1, 3, 7, 1, 3, 9, 0, 0, 0, 0, 0, 0, 0, 0, 0, 
0, 0, 0, 0, 0, 0, 0, 0, 0, 0, 42, 42, 0, 0, 0, 0, 
0, 0, 0, 0, 0, 0, 33, 1, 2, 3, 34, 34, 34, 7, 8, 9, 
34, 1, 2, 3, 34, 34, 34, 34, 34, 34, 34, 34, 34, 34, 34, 7, 
9, 7, 9, 4, 5, 6, 8, 9,
42, 41, 1, 2, 3, 4, 5, 6, 1, 2, 3, 29, 29, 29, 1, 2, 
3, 4, 5, 6, 12, 12, 12, 1, 2, 3, 5, 6, 7, 9, 2, 3, 
7, 9, 12, 12, 12, 1, 2, 3, 5, 6, 1, 3, 2, 3, 1, 7, 
9, 7, 9, 1, 7, 9, 3, 1, 3, 3, 1, 3, 1, 2, 3, 5, 
6, 1, 3, 2, 3, 1, 1, 2, 3, 5, 6, 1, 3, 2, 3, 1, 
3, 2, 3, 11, 0, 0, 0, 4, 5, 6, 1, 2, 3, 4, 5, 1, 
2, 4, 5, 6, 34, 1, 2, 3, 34, 1, 2, 3, 34, 1, 2, 3, 
34, 34, 1, 7, 8, 9, 2, 3,
7, 8, 9, 5, 6, 4, 8, 6, 4, 5, 6, 1, 2, 10, 5, 5, 
10, 5, 8, 9, 30, 32, 30, 10, 30, 32, 30, 4, 10, 5, 10, 30, 
1, 3, 32, 30, 24, 5, 30, 32, 32, 30, 7, 10, 36, 30, 10, 5, 
36, 30, 5, 10, 30, 7, 10, 5, 36, 5, 30, 32, 32, 10, 5, 10, 
10, 5, 5, 36, 31, 30, 36, 10, 5, 10, 10, 5, 10, 10, 36, 10, 
2, 2, 3, 11, 0, 0, 0, 7, 8, 9, 4, 5, 6, 7, 8, 4, 
5, 7, 8, 1, 2, 4, 5, 1, 2, 3, 5, 1, 2, 3, 5, 6, 
1, 2, 4, 5, 6, 4, 5, 6,
0, 0, 0, 7, 9, 30, 32, 30, 4, 8, 10, 4, 5, 5, 10, 8, 
9, 30, 32, 32, 31, 0, 31, 30, 31, 0, 31, 32, 30, 10, 30, 31, 
30, 32, 0, 31, 28, 30, 31, 0, 0, 31, 32, 30, 32, 31, 30, 10, 
30, 31, 32, 5, 31, 4, 30, 8, 30, 32, 31, 0, 0, 32, 36, 5, 
10, 30, 36, 30, 0, 31, 30, 36, 30, 10, 5, 36, 5, 36, 30, 10, 
36, 32, 6, 11, 0, 0, 0, 0, 0, 0, 7, 8, 9, 0, 0, 7, 
8, 1, 2, 4, 1, 7, 8, 4, 5, 6, 8, 4, 5, 6, 8, 9, 
4, 5, 7, 8, 1, 2, 3, 9,
0, 0, 0, 30, 32, 31, 0, 31, 30, 0, 32, 10, 8, 9, 30, 32, 
0, 31, 0, 0, 0, 0, 0, 31, 0, 0, 0, 0, 31, 30, 31, 0, 
31, 0, 0, 0, 28, 31, 0, 0, 0, 0, 0, 31, 0, 0, 31, 30, 
31, 0, 0, 32, 0, 5, 31, 30, 31, 0, 0, 0, 0, 0, 32, 36, 
32, 31, 30, 31, 0, 0, 31, 30, 31, 32, 36, 5, 36, 32, 31, 30, 
32, 0, 32, 0, 33, 0, 0, 0, 0, 0, 0, 0, 0, 0, 0, 0, 
0, 4, 5, 7, 4, 5, 6, 7, 8, 9, 0, 7, 8, 9, 0, 0, 
7, 8, 9, 0, 4, 5, 6, 1,
3, 0, 0, 31, 0, 0, 0, 0, 31, 0, 0, 32, 30, 0, 31, 0, 
0, 0, 0, 0, 0, 0, 0, 0, 0, 0, 0, 0, 0, 31, 0, 0, 
0, 0, 0, 0, 28, 0, 0, 0, 0, 0, 0, 0, 0, 0, 0, 31, 
0, 0, 0, 0, 0, 32, 0, 31, 0, 0, 0, 0, 0, 0, 0, 32, 
0, 0, 31, 0, 0, 0, 0, 31, 0, 0, 32, 10, 32, 0, 0, 31, 
0, 0, 0, 0, 0, 0, 0, 0, 38, 0, 0, 0, 0, 0, 0, 0, 
0, 7, 8, 9, 7, 8, 9, 0, 0, 0, 0, 0, 0, 0, 0, 0, 
0, 0, 0, 0, 7, 1, 2, 3,
6, 0, 0, 0, 0, 0, 0, 0, 0, 0, 0, 0, 31, 0, 0, 0, 
0, 0, 0, 0, 0, 0, 0, 0, 0, 0, 0, 0, 0, 0, 0, 0, 
0, 0, 0, 0, 28, 0, 0, 0, 0, 0, 0, 0, 0, 0, 0, 0, 
0, 0, 0, 0, 0, 0, 0, 0, 0, 0, 0, 0, 0, 0, 0, 0, 
0, 0, 0, 0, 0, 0, 0, 0, 0, 0, 0, 32, 0, 0, 0, 0, 
0, 0, 0, 0, 0, 0, 21, 40, 23, 22, 0, 0, 0, 0, 0, 0, 
0, 0, 0, 0, 0, 0, 0, 0, 0, 0, 0, 0, 0, 0, 0, 0, 
0, 0, 0, 0, 0, 4, 5, 6,
9, 0, 0, 0, 0, 0, 0, 0, 0, 0, 0, 0, 0, 0, 0, 0, 
0, 0, 0, 0, 0, 0, 0, 0, 0, 0, 0, 0, 0, 0, 0, 0, 
0, 13, 35, 14, 15, 16, 0, 0, 0, 0, 0, 0, 0, 37, 0, 0, 
0, 0, 0, 0, 0, 0, 0, 0, 0, 0, 0, 0, 0, 0, 0, 0, 
0, 0, 0, 0, 0, 0, 0, 0, 0, 0, 0, 0, 0, 0, 0, 0, 
0, 0, 0, 0, 0, 0, 25, 0, 43, 25, 0, 0, 0, 0, 0, 0, 
0, 0, 0, 0, 0, 0, 0, 0, 0, 0, 0, 0, 0, 0, 0, 0, 
0, 39, 0, 0, 0, 7, 8, 1,
11, 0, 0, 0, 0, 0, 0, 0, 0, 0, 0, 0, 0, 0, 0, 0, 
0, 0, 0, 0, 0, 0, 0, 0, 0, 0, 0, 0, 0, 38, 39, 0, 
0, 17, 0, 17, 0, 18, 0, 0, 0, 0, 13, 15, 14, 15, 35, 14, 
15, 16, 0, 0, 0, 0, 0, 43, 0, 0, 0, 0, 0, 0, 0, 0, 
0, 0, 0, 0, 0, 0, 0, 0, 0, 0, 0, 0, 0, 0, 0, 0, 
0, 0, 0, 0, 0, 0, 27, 0, 44, 25, 0, 0, 0, 0, 0, 0, 
0, 0, 0, 0, 0, 0, 0, 0, 0, 0, 0, 0, 0, 0, 0, 0, 
0, 21, 23, 40, 23, 40, 22, 4,
3, 0, 0, 0, 0, 0, 0, 21, 23, 40, 23, 40, 24, 40, 23, 40, 
23, 24, 23, 23, 40, 22, 0, 0, 0, 0, 0, 0, 13, 15, 14, 35, 
14, 16, 0, 18, 0, 20, 0, 0, 0, 0, 17, 0, 18, 0, 0, 17, 
0, 19, 0, 0, 38, 39, 0, 44, 0, 1, 2, 12, 11, 0, 0, 0, 
0, 0, 0, 0, 0, 0, 0, 0, 0, 0, 0, 33, 0, 0, 0, 0, 
0, 0, 0, 0, 0, 1, 2, 3, 44, 26, 0, 0, 0, 0, 0, 0, 
0, 0, 0, 0, 0, 0, 0, 0, 0, 0, 0, 0, 0, 0, 43, 0, 
0, 25, 0, 0, 0, 0, 27, 7,
6, 0, 0, 0, 0, 0, 0, 25, 0, 0, 0, 0, 28, 0, 0, 0, 
0, 28, 43, 0, 0, 26, 0, 0, 0, 0, 0, 0, 17, 0, 20, 0, 
20, 18, 0, 20, 0, 17, 0, 0, 0, 0, 18, 0, 19, 0, 0, 18, 
0, 20, 0, 1, 2, 3, 0, 44, 0, 4, 5, 6, 12, 0, 0, 0, 
0, 0, 0, 0, 0, 0, 0, 0, 0, 0, 0, 0, 0, 0, 0, 13, 
15, 35, 14, 35, 14, 4, 5, 6, 44, 27, 0, 0, 0, 0, 0, 0, 
0, 0, 13, 14, 35, 15, 16, 45, 0, 0, 0, 0, 0, 0, 44, 0, 
0, 26, 0, 0, 0, 1, 2, 3,
9, 37, 0, 0, 0, 0, 0, 26, 0, 0, 0, 0, 28, 0, 0, 0, 
0, 28, 44, 0, 0, 27, 0, 43, 0, 0, 0, 0, 18, 0, 17, 0, 
19, 17, 0, 17, 0, 18, 12, 29, 29, 29, 29, 29, 29, 29, 29, 29, 
1, 2, 3, 4, 5, 6, 29, 29, 29, 7, 8, 9, 1, 2, 3, 29, 
29, 29, 29, 29, 1, 2, 3, 29, 29, 29, 29, 29, 29, 29, 29, 29, 
29, 29, 29, 29, 29, 7, 8, 1, 46, 47, 29, 29, 29, 29, 29, 29, 
29, 29, 29, 29, 29, 29, 29, 11, 0, 0, 0, 0, 0, 0, 44, 0, 
43, 25, 0, 0, 37, 4, 5, 6,
1, 2, 3, 0, 38, 39, 0, 25, 0, 45, 46, 47, 29, 29, 29, 29, 
29, 1, 2, 3, 1, 2, 3, 44, 11, 0, 0, 0, 20, 0, 18, 0, 
18, 18, 0, 18, 0, 20, 12, 34, 34, 34, 34, 34, 34, 34, 34, 34, 
4, 5, 6, 7, 8, 9, 34, 1, 2, 3, 34, 34, 4, 5, 6, 34, 
1, 2, 3, 34, 4, 5, 6, 34, 34, 34, 1, 2, 3, 34, 34, 34, 
34, 34, 34, 1, 2, 3, 34, 4, 5, 6, 34, 34, 34, 34, 34, 34, 
34, 34, 34, 34, 34, 34, 34, 12, 38, 0, 0, 0, 0, 0, 44, 0, 
44, 27, 0, 1, 2, 3, 1, 2,
4, 5, 6, 1, 2, 3, 0, 27, 0, 4, 1, 2, 3, 34, 34, 1, 
2, 3, 5, 6, 4, 5, 6, 1, 2, 3, 0, 0, 11, 0, 20, 0, 
17, 19, 39, 20, 0, 17, 1, 2, 3, 1, 2, 3, 4, 1, 2, 3, 
7, 8, 9, 34, 1, 2, 3, 4, 5, 6, 1, 2, 7, 1, 2, 3, 
4, 5, 1, 2, 7, 8, 1, 2, 3, 34, 4, 5, 6, 1, 2, 3, 
1, 2, 3, 4, 5, 6, 34, 7, 8, 9, 1, 2, 3, 34, 34, 34, 
34, 34, 34, 34, 34, 34, 1, 2, 3, 42, 0, 0, 39, 38, 44, 38, 
44, 1, 2, 3, 5, 6, 1, 2,
7, 8, 1, 2, 3, 6, 1, 2, 3, 7, 4, 5, 6, 2, 3, 4, 
5, 6, 8, 9, 7, 8, 9, 4, 5, 6, 1, 1, 2, 3, 2, 3, 
1, 2, 3, 1, 2, 3, 4, 5, 6, 4, 5, 6, 7, 4, 5, 6, 
5, 6, 1, 2, 4, 5, 6, 7, 8, 9, 4, 5, 6, 4, 5, 1, 
7, 8, 4, 5, 1, 2, 3, 5, 6, 1, 7, 8, 9, 4, 5, 6, 
4, 5, 6, 7, 8, 1, 2, 3, 5, 6, 4, 5, 6, 34, 34, 34, 
34, 34, 34, 34, 34, 11, 4, 5, 6, 1, 2, 3, 1, 2, 3, 1, 
2, 3, 5, 6, 8, 9, 4, 5
};

const short map2[9360] = {
0, 0, 0, 0, 0, 0, 0, 0, 0, 0, 0, 0, 0, 0, 0, 0, 
0, 0, 0, 0, 0, 0, 0, 0, 0, 0, 0, 0, 0, 0, 0, 0, 
0, 0, 0, 0, 0, 0, 0, 0, 0, 0, 0, 0, 0, 0, 0, 0, 
0, 0, 0, 0, 0, 0, 0, 0, 0, 0, 0, 0, 0, 0, 0, 0, 
0, 0, 0, 0, 0, 0, 0, 0, 0, 0, 0, 0, 0, 0, 0, 0, 
0, 0, 0, 0, 0, 0, 0, 0, 0, 0, 0, 0, 0, 0, 0, 0, 
0, 0, 0, 0, 0, 0, 0, 0, 0, 0, 0, 0, 0, 0, 0, 0, 
0, 0, 0, 0, 0, 0, 0, 0,
0, 0, 0, 0, 0, 0, 0, 0, 0, 0, 0, 0, 0, 0, 0, 0, 
0, 0, 0, 0, 0, 0, 0, 0, 0, 0, 0, 0, 0, 0, 0, 0, 
0, 0, 0, 0, 0, 0, 0, 0, 0, 0, 0, 0, 0, 0, 0, 0, 
0, 0, 0, 0, 0, 0, 0, 0, 0, 0, 0, 0, 0, 0, 0, 0, 
0, 0, 0, 0, 0, 0, 0, 0, 0, 0, 0, 0, 0, 0, 0, 0, 
0, 0, 0, 0, 0, 0, 0, 0, 0, 0, 0, 0, 0, 0, 0, 0, 
0, 0, 0, 0, 0, 0, 0, 0, 0, 0, 0, 0, 0, 0, 0, 0, 
0, 0, 0, 0, 0, 0, 0, 0,
0, 0, 0, 0, 0, 0, 0, 0, 0, 0, 0, 0, 0, 0, 0, 0, 
0, 0, 0, 0, 0, 0, 0, 0, 0, 0, 0, 0, 0, 0, 0, 0, 
0, 0, 0, 0, 0, 0, 0, 0, 0, 0, 0, 0, 0, 0, 0, 0, 
0, 0, 0, 0, 0, 0, 0, 0, 0, 0, 0, 0, 0, 0, 0, 0, 
0, 0, 0, 0, 0, 0, 0, 0, 0, 0, 0, 0, 0, 0, 0, 0, 
0, 0, 0, 0, 0, 0, 0, 0, 0, 0, 0, 0, 0, 0, 0, 0, 
0, 0, 0, 0, 0, 0, 0, 0, 0, 0, 0, 0, 0, 0, 0, 0, 
0, 0, 0, 0, 0, 0, 0, 0,
0, 0, 0, 0, 0, 0, 0, 0, 0, 0, 0, 0, 0, 0, 0, 0, 
0, 0, 0, 0, 0, 0, 0, 0, 0, 0, 0, 0, 0, 0, 0, 0, 
0, 0, 0, 0, 0, 0, 0, 0, 0, 0, 0, 0, 0, 0, 0, 0, 
0, 0, 0, 0, 0, 0, 0, 0, 0, 0, 0, 0, 0, 0, 0, 0, 
0, 0, 0, 0, 0, 0, 0, 0, 0, 0, 0, 0, 0, 0, 0, 0, 
0, 0, 0, 0, 0, 0, 0, 0, 0, 0, 0, 0, 0, 0, 0, 0, 
0, 0, 0, 0, 0, 0, 0, 0, 0, 0, 0, 0, 0, 0, 0, 0, 
0, 0, 0, 0, 0, 0, 0, 0,
0, 0, 0, 0, 0, 0, 0, 0, 0, 0, 0, 0, 0, 0, 0, 0, 
0, 0, 0, 0, 0, 0, 0, 0, 0, 0, 0, 0, 0, 0, 0, 0, 
0, 0, 0, 0, 0, 0, 0, 0, 0, 0, 0, 0, 0, 0, 0, 0, 
0, 0, 0, 0, 0, 0, 0, 0, 0, 0, 0, 0, 0, 0, 0, 0, 
0, 0, 0, 0, 0, 0, 0, 0, 0, 0, 0, 0, 0, 0, 0, 0, 
0, 0, 0, 0, 0, 0, 0, 0, 0, 0, 0, 0, 0, 0, 0, 0, 
0, 0, 0, 0, 0, 0, 0, 0, 0, 0, 0, 0, 0, 0, 0, 0, 
0, 0, 0, 0, 0, 0, 0, 0,
0, 0, 0, 0, 0, 0, 0, 0, 0, 0, 0, 0, 0, 0, 0, 0, 
0, 0, 0, 0, 0, 0, 0, 0, 0, 0, 0, 0, 0, 0, 0, 0, 
0, 0, 0, 0, 0, 0, 0, 0, 0, 0, 0, 0, 0, 0, 0, 0, 
0, 0, 0, 0, 0, 0, 0, 0, 0, 0, 0, 0, 0, 0, 0, 0, 
0, 0, 0, 0, 0, 0, 0, 0, 0, 0, 0, 0, 0, 0, 0, 0, 
0, 0, 0, 0, 0, 0, 0, 0, 0, 0, 0, 0, 0, 0, 0, 0, 
0, 0, 0, 0, 0, 0, 0, 0, 0, 0, 0, 0, 0, 0, 0, 0, 
0, 0, 0, 0, 0, 0, 0, 0,
0, 0, 0, 0, 0, 0, 0, 0, 0, 0, 0, 0, 0, 0, 0, 0, 
0, 0, 0, 0, 0, 0, 0, 0, 0, 0, 0, 0, 0, 0, 0, 0, 
0, 0, 0, 0, 0, 0, 0, 0, 0, 0, 0, 0, 0, 0, 0, 0, 
0, 0, 0, 0, 0, 0, 0, 0, 0, 0, 0, 0, 0, 0, 0, 0, 
0, 0, 0, 0, 0, 0, 0, 0, 0, 0, 0, 0, 0, 0, 0, 0, 
0, 0, 0, 0, 0, 0, 0, 0, 0, 0, 0, 0, 0, 0, 0, 0, 
0, 0, 0, 0, 0, 0, 0, 0, 0, 0, 0, 0, 0, 0, 0, 0, 
0, 0, 0, 0, 0, 0, 0, 0,
0, 0, 0, 0, 0, 0, 0, 0, 0, 0, 0, 0, 0, 0, 0, 0, 
0, 0, 0, 0, 0, 0, 0, 0, 0, 0, 0, 0, 0, 0, 0, 0, 
0, 0, 0, 0, 0, 0, 0, 0, 0, 0, 0, 0, 0, 0, 0, 0, 
0, 0, 0, 0, 0, 0, 0, 0, 0, 0, 0, 0, 0, 0, 0, 0, 
0, 0, 0, 0, 0, 0, 0, 0, 0, 0, 0, 0, 0, 0, 0, 0, 
0, 0, 0, 0, 0, 0, 0, 0, 0, 0, 0, 0, 0, 0, 0, 0, 
0, 0, 0, 0, 0, 0, 0, 0, 0, 0, 0, 0, 0, 0, 0, 0, 
0, 0, 0, 0, 0, 0, 0, 0,
0, 0, 0, 0, 0, 0, 0, 0, 0, 0, 0, 0, 0, 0, 0, 0, 
0, 0, 0, 0, 0, 0, 0, 0, 0, 0, 0, 0, 0, 0, 0, 0, 
0, 0, 0, 0, 0, 0, 0, 0, 0, 0, 0, 0, 0, 0, 0, 0, 
0, 0, 0, 0, 0, 0, 0, 0, 0, 0, 0, 0, 0, 0, 0, 0, 
0, 0, 0, 0, 0, 0, 0, 0, 0, 0, 0, 0, 0, 0, 0, 0, 
0, 0, 0, 0, 0, 0, 0, 0, 0, 0, 0, 0, 0, 0, 0, 0, 
0, 0, 0, 0, 0, 0, 0, 0, 0, 0, 0, 0, 0, 0, 0, 0, 
0, 0, 0, 0, 0, 0, 0, 0,
0, 0, 0, 0, 0, 0, 0, 0, 0, 0, 0, 0, 0, 0, 0, 0, 
0, 0, 0, 0, 0, 0, 0, 0, 0, 0, 0, 0, 0, 0, 0, 0, 
0, 0, 0, 0, 0, 0, 0, 0, 0, 0, 0, 0, 0, 0, 0, 0, 
0, 0, 0, 0, 0, 0, 0, 0, 0, 0, 0, 0, 0, 0, 0, 0, 
0, 0, 0, 0, 0, 0, 0, 0, 0, 0, 0, 0, 0, 0, 0, 0, 
0, 0, 0, 0, 0, 0, 0, 0, 0, 0, 0, 0, 0, 0, 0, 0, 
0, 0, 0, 0, 0, 0, 0, 0, 0, 0, 0, 0, 0, 0, 0, 0, 
0, 0, 0, 0, 0, 0, 0, 0,
0, 0, 0, 0, 0, 0, 0, 0, 0, 0, 0, 0, 0, 0, 0, 0, 
0, 0, 0, 0, 0, 0, 0, 0, 0, 0, 0, 0, 0, 0, 0, 0, 
0, 0, 0, 0, 0, 0, 0, 0, 0, 0, 0, 0, 0, 0, 0, 0, 
0, 0, 0, 0, 0, 0, 0, 0, 0, 0, 0, 0, 0, 0, 0, 0, 
0, 0, 0, 0, 0, 0, 0, 0, 0, 0, 0, 0, 0, 0, 0, 0, 
0, 0, 0, 0, 0, 0, 0, 0, 0, 0, 0, 0, 0, 0, 0, 0, 
0, 0, 0, 0, 0, 0, 0, 0, 0, 0, 0, 0, 0, 0, 0, 0, 
0, 0, 0, 0, 0, 0, 0, 0,
0, 0, 0, 0, 0, 0, 0, 0, 0, 0, 0, 0, 0, 0, 0, 0, 
0, 0, 0, 0, 0, 0, 0, 0, 0, 0, 0, 0, 0, 0, 0, 0, 
0, 0, 0, 0, 0, 0, 0, 0, 0, 0, 0, 0, 0, 0, 0, 0, 
0, 0, 0, 0, 0, 0, 0, 0, 0, 0, 0, 0, 0, 0, 0, 0, 
0, 0, 0, 0, 0, 0, 0, 0, 0, 0, 0, 0, 0, 0, 0, 0, 
0, 0, 0, 0, 0, 0, 0, 0, 0, 0, 0, 0, 0, 0, 0, 0, 
0, 0, 0, 0, 0, 0, 0, 0, 0, 0, 0, 0, 0, 0, 0, 0, 
0, 0, 0, 0, 0, 0, 0, 0,
0, 0, 0, 0, 0, 0, 0, 0, 0, 0, 0, 0, 0, 0, 0, 0, 
0, 0, 0, 0, 0, 0, 0, 0, 0, 0, 0, 0, 0, 0, 0, 0, 
0, 0, 0, 0, 0, 0, 0, 0, 0, 0, 0, 0, 0, 0, 0, 0, 
0, 0, 0, 0, 0, 0, 0, 0, 0, 0, 0, 0, 0, 0, 0, 0, 
0, 0, 0, 0, 0, 0, 0, 0, 0, 0, 0, 0, 0, 0, 0, 0, 
0, 0, 0, 0, 0, 0, 0, 0, 0, 0, 0, 0, 0, 0, 0, 0, 
0, 0, 0, 0, 0, 0, 0, 0, 0, 0, 0, 0, 0, 0, 0, 0, 
0, 0, 0, 0, 0, 0, 0, 0,
0, 0, 0, 0, 0, 0, 0, 0, 0, 0, 0, 0, 0, 0, 0, 0, 
0, 0, 0, 0, 0, 0, 0, 0, 0, 0, 0, 0, 0, 0, 0, 0, 
0, 0, 0, 0, 0, 0, 0, 0, 0, 0, 0, 0, 0, 0, 0, 0, 
0, 0, 0, 0, 0, 0, 0, 0, 0, 0, 0, 0, 0, 0, 0, 0, 
0, 0, 0, 0, 0, 0, 0, 0, 0, 0, 0, 0, 0, 0, 0, 0, 
0, 0, 0, 0, 0, 0, 0, 0, 0, 0, 0, 0, 0, 0, 0, 0, 
0, 0, 0, 0, 0, 0, 0, 0, 0, 0, 0, 0, 0, 0, 0, 0, 
0, 0, 0, 0, 0, 0, 0, 0,
0, 0, 0, 0, 0, 0, 0, 0, 0, 0, 0, 0, 0, 0, 0, 0, 
0, 0, 0, 0, 0, 0, 0, 0, 0, 0, 0, 0, 0, 0, 0, 0, 
0, 0, 0, 0, 0, 0, 0, 0, 0, 0, 0, 0, 0, 0, 0, 0, 
0, 0, 0, 0, 0, 0, 0, 0, 0, 0, 0, 0, 0, 0, 0, 0, 
0, 0, 0, 0, 0, 0, 0, 0, 0, 0, 0, 0, 0, 0, 0, 0, 
0, 0, 0, 0, 0, 0, 0, 0, 0, 0, 0, 0, 0, 0, 0, 0, 
0, 0, 0, 0, 0, 0, 0, 0, 0, 0, 0, 0, 0, 0, 0, 0, 
0, 0, 0, 0, 0, 0, 0, 0,
0, 0, 0, 0, 0, 0, 0, 0, 0, 0, 0, 0, 0, 0, 0, 0, 
0, 0, 0, 0, 0, 0, 0, 0, 0, 0, 0, 0, 0, 0, 0, 0, 
0, 0, 0, 0, 0, 0, 0, 0, 0, 0, 0, 0, 0, 0, 0, 0, 
0, 0, 0, 0, 0, 0, 0, 0, 0, 0, 0, 0, 0, 0, 0, 0, 
0, 0, 0, 0, 0, 0, 0, 0, 0, 0, 0, 0, 0, 0, 0, 0, 
0, 0, 0, 0, 0, 0, 0, 0, 0, 0, 0, 0, 0, 0, 0, 0, 
0, 0, 0, 0, 0, 0, 0, 0, 0, 0, 0, 0, 0, 0, 0, 0, 
0, 0, 0, 0, 0, 0, 0, 0,
0, 0, 0, 0, 0, 0, 0, 0, 0, 0, 0, 0, 0, 0, 0, 0, 
0, 0, 0, 0, 0, 0, 0, 0, 0, 0, 0, 0, 0, 0, 0, 0, 
0, 0, 0, 0, 0, 0, 0, 0, 0, 0, 0, 0, 0, 0, 0, 0, 
0, 0, 0, 0, 0, 0, 0, 0, 0, 0, 0, 0, 0, 0, 0, 0, 
0, 0, 0, 0, 0, 0, 0, 0, 0, 0, 0, 0, 0, 0, 0, 0, 
0, 0, 0, 0, 0, 0, 0, 0, 0, 0, 0, 0, 0, 0, 0, 0, 
0, 0, 0, 0, 0, 0, 0, 0, 0, 0, 0, 0, 0, 0, 0, 0, 
0, 0, 0, 0, 0, 0, 0, 0,
0, 0, 0, 0, 0, 0, 0, 0, 0, 0, 0, 0, 0, 0, 0, 0, 
0, 0, 0, 0, 0, 0, 45, 0, 0, 0, 0, 0, 0, 0, 0, 0, 
0, 0, 0, 0, 0, 0, 0, 0, 0, 0, 0, 0, 0, 0, 0, 0, 
0, 0, 0, 0, 0, 0, 0, 0, 0, 0, 0, 0, 0, 0, 0, 0, 
0, 0, 0, 0, 0, 0, 0, 0, 0, 0, 0, 0, 0, 0, 0, 0, 
0, 0, 0, 0, 0, 0, 0, 0, 0, 0, 0, 0, 0, 0, 0, 0, 
0, 0, 0, 0, 0, 0, 0, 0, 0, 0, 0, 0, 0, 0, 0, 0, 
0, 0, 0, 0, 0, 0, 0, 0,
0, 0, 0, 0, 0, 0, 0, 0, 0, 0, 0, 0, 0, 0, 0, 0, 
0, 0, 0, 0, 0, 0, 0, 0, 0, 0, 0, 0, 0, 0, 0, 0, 
0, 0, 0, 0, 0, 0, 0, 0, 0, 0, 0, 0, 0, 0, 0, 0, 
0, 0, 0, 0, 0, 0, 0, 0, 0, 0, 0, 0, 0, 0, 0, 0, 
0, 0, 0, 0, 0, 0, 0, 0, 0, 0, 0, 0, 0, 0, 0, 0, 
0, 0, 0, 0, 0, 0, 0, 0, 0, 0, 0, 0, 0, 0, 0, 0, 
0, 0, 0, 0, 0, 0, 0, 0, 0, 0, 0, 0, 0, 0, 0, 0, 
0, 0, 0, 0, 0, 0, 0, 0,
0, 0, 0, 0, 0, 0, 0, 0, 0, 0, 0, 0, 0, 0, 0, 0, 
0, 0, 0, 0, 0, 0, 0, 0, 0, 0, 0, 0, 0, 0, 0, 0, 
0, 0, 0, 0, 0, 0, 0, 0, 0, 0, 0, 0, 0, 0, 0, 0, 
0, 0, 0, 0, 0, 0, 0, 0, 0, 0, 0, 0, 0, 0, 0, 0, 
0, 0, 0, 0, 0, 0, 0, 0, 0, 0, 0, 0, 0, 0, 0, 0, 
0, 0, 0, 0, 0, 0, 0, 0, 0, 0, 0, 0, 0, 0, 0, 0, 
0, 0, 0, 0, 0, 0, 0, 0, 0, 0, 0, 0, 0, 0, 0, 0, 
0, 0, 0, 0, 0, 0, 0, 0,
0, 0, 0, 0, 0, 0, 0, 0, 0, 0, 0, 0, 0, 0, 0, 0, 
0, 0, 0, 0, 0, 0, 0, 0, 0, 0, 0, 0, 0, 0, 0, 0, 
0, 0, 0, 0, 0, 0, 0, 0, 0, 0, 0, 0, 0, 0, 0, 0, 
0, 0, 0, 0, 0, 0, 0, 0, 0, 0, 0, 0, 0, 0, 0, 0, 
0, 0, 0, 0, 0, 0, 0, 0, 0, 0, 0, 0, 0, 0, 0, 0, 
0, 0, 0, 0, 0, 0, 0, 0, 0, 0, 0, 0, 0, 0, 0, 0, 
0, 0, 0, 0, 0, 0, 0, 0, 0, 0, 0, 0, 0, 0, 0, 0, 
0, 0, 0, 0, 0, 0, 0, 0,
0, 0, 0, 0, 0, 0, 0, 0, 0, 0, 0, 0, 0, 0, 0, 0, 
0, 0, 0, 0, 0, 0, 0, 0, 0, 0, 0, 0, 0, 0, 0, 0, 
0, 0, 0, 0, 0, 0, 0, 0, 0, 0, 0, 0, 0, 0, 0, 0, 
0, 0, 0, 0, 0, 0, 0, 0, 0, 0, 0, 0, 0, 0, 0, 0, 
0, 0, 0, 0, 0, 0, 0, 0, 0, 0, 0, 0, 0, 0, 0, 0, 
0, 0, 0, 0, 0, 0, 0, 0, 0, 0, 0, 0, 0, 0, 0, 0, 
0, 0, 0, 0, 0, 0, 0, 0, 0, 0, 0, 0, 0, 0, 0, 0, 
0, 0, 0, 0, 0, 0, 0, 0,
0, 0, 0, 0, 0, 0, 0, 0, 0, 0, 0, 0, 0, 0, 0, 0, 
0, 0, 0, 0, 0, 0, 0, 0, 0, 0, 0, 0, 0, 0, 0, 0, 
0, 0, 0, 0, 0, 0, 0, 0, 0, 0, 0, 0, 0, 0, 0, 0, 
0, 0, 0, 0, 0, 0, 0, 0, 0, 0, 0, 0, 0, 0, 0, 0, 
0, 0, 0, 0, 0, 0, 0, 0, 0, 0, 0, 0, 0, 0, 0, 0, 
0, 0, 0, 0, 0, 0, 0, 0, 0, 0, 0, 0, 0, 0, 0, 0, 
0, 0, 0, 0, 0, 0, 0, 0, 0, 0, 0, 0, 0, 0, 0, 0, 
0, 0, 0, 0, 0, 0, 0, 0,
0, 0, 0, 0, 0, 0, 0, 0, 0, 0, 0, 0, 0, 0, 0, 0, 
0, 0, 0, 0, 0, 0, 0, 0, 0, 0, 0, 0, 0, 0, 0, 0, 
0, 0, 0, 0, 0, 0, 0, 0, 0, 0, 0, 0, 0, 0, 0, 0, 
0, 0, 0, 0, 0, 0, 0, 0, 0, 0, 0, 0, 0, 0, 0, 0, 
0, 0, 0, 0, 0, 0, 0, 0, 0, 0, 0, 0, 0, 0, 0, 0, 
0, 0, 0, 0, 0, 0, 0, 0, 0, 0, 0, 0, 0, 0, 0, 0, 
0, 0, 0, 0, 0, 0, 0, 0, 0, 0, 0, 0, 0, 0, 0, 0, 
0, 0, 0, 0, 0, 0, 0, 0,
0, 0, 0, 0, 0, 0, 0, 0, 0, 0, 0, 0, 0, 0, 0, 0, 
0, 0, 0, 0, 0, 0, 0, 0, 0, 0, 0, 0, 0, 0, 0, 0, 
0, 0, 0, 0, 0, 0, 0, 0, 0, 0, 0, 0, 0, 0, 0, 0, 
0, 0, 0, 0, 0, 0, 0, 0, 0, 0, 0, 0, 0, 0, 0, 0, 
0, 0, 0, 0, 0, 0, 0, 0, 0, 0, 0, 0, 0, 0, 0, 0, 
0, 0, 0, 0, 0, 0, 0, 0, 0, 0, 0, 0, 0, 0, 0, 0, 
0, 0, 0, 0, 0, 0, 0, 0, 0, 0, 0, 0, 0, 0, 0, 0, 
0, 0, 0, 0, 0, 0, 0, 0,
0, 0, 0, 0, 0, 0, 0, 0, 0, 0, 0, 0, 0, 0, 0, 0, 
0, 0, 0, 0, 0, 0, 0, 0, 0, 0, 0, 0, 0, 0, 0, 0, 
0, 0, 0, 0, 0, 0, 0, 0, 0, 0, 0, 0, 0, 0, 0, 0, 
0, 0, 0, 0, 0, 0, 0, 0, 0, 0, 0, 0, 0, 0, 0, 0, 
0, 0, 0, 0, 0, 0, 0, 0, 0, 0, 0, 0, 0, 0, 0, 0, 
0, 0, 0, 0, 0, 0, 0, 0, 0, 0, 0, 0, 0, 0, 0, 0, 
0, 0, 0, 0, 0, 0, 0, 0, 0, 0, 0, 0, 0, 0, 0, 0, 
0, 0, 0, 0, 0, 0, 0, 0,
0, 0, 0, 0, 0, 0, 0, 0, 0, 0, 0, 0, 0, 0, 0, 0, 
0, 0, 0, 0, 0, 0, 0, 0, 0, 0, 0, 0, 0, 0, 0, 0, 
0, 0, 0, 0, 0, 0, 0, 0, 0, 0, 0, 0, 0, 0, 0, 0, 
0, 0, 0, 0, 0, 0, 0, 0, 0, 0, 0, 0, 0, 0, 0, 0, 
0, 0, 0, 0, 0, 0, 0, 0, 0, 0, 0, 0, 0, 0, 0, 0, 
0, 0, 0, 0, 0, 0, 0, 0, 0, 0, 0, 0, 0, 0, 0, 0, 
0, 0, 0, 0, 0, 0, 0, 0, 0, 0, 0, 0, 0, 0, 0, 0, 
0, 0, 0, 0, 0, 0, 0, 0,
0, 0, 0, 0, 0, 0, 0, 0, 0, 0, 0, 0, 0, 0, 0, 0, 
0, 0, 0, 0, 0, 0, 0, 0, 0, 0, 0, 0, 0, 0, 0, 0, 
0, 0, 0, 0, 0, 0, 0, 0, 0, 0, 0, 0, 0, 0, 0, 0, 
0, 0, 0, 0, 0, 0, 0, 0, 0, 0, 0, 0, 0, 0, 0, 0, 
0, 0, 0, 0, 0, 0, 0, 0, 0, 0, 0, 0, 0, 0, 0, 0, 
0, 0, 0, 0, 0, 0, 0, 0, 0, 0, 0, 0, 0, 0, 0, 0, 
0, 0, 0, 0, 0, 0, 0, 0, 0, 0, 0, 0, 0, 0, 0, 0, 
0, 0, 0, 0, 0, 0, 0, 0,
0, 0, 0, 0, 0, 0, 0, 0, 0, 0, 0, 0, 0, 0, 0, 0, 
0, 0, 0, 0, 0, 0, 0, 0, 0, 0, 0, 0, 0, 0, 0, 0, 
0, 0, 0, 0, 0, 0, 0, 0, 0, 0, 0, 0, 0, 0, 0, 0, 
0, 0, 0, 0, 0, 0, 0, 0, 0, 0, 0, 0, 0, 0, 0, 0, 
0, 0, 0, 0, 0, 0, 0, 0, 0, 0, 0, 0, 0, 0, 0, 0, 
0, 0, 0, 0, 0, 0, 0, 0, 0, 0, 0, 0, 0, 0, 0, 0, 
0, 0, 0, 0, 0, 0, 0, 0, 0, 0, 0, 0, 0, 0, 0, 0, 
0, 0, 0, 0, 0, 0, 0, 0,
0, 0, 0, 0, 0, 0, 0, 0, 0, 0, 0, 0, 0, 0, 0, 0, 
0, 0, 0, 0, 0, 0, 0, 0, 0, 0, 0, 0, 0, 0, 0, 0, 
0, 0, 0, 0, 0, 0, 0, 0, 0, 0, 0, 0, 0, 0, 0, 0, 
0, 0, 0, 0, 0, 0, 0, 0, 0, 0, 0, 0, 0, 0, 0, 0, 
0, 0, 0, 0, 0, 0, 0, 0, 0, 0, 0, 0, 0, 0, 0, 0, 
0, 0, 0, 0, 0, 0, 0, 0, 0, 0, 0, 0, 0, 0, 0, 0, 
0, 0, 0, 0, 0, 0, 0, 0, 0, 0, 0, 0, 0, 0, 0, 0, 
0, 0, 0, 0, 0, 0, 0, 0,
0, 0, 0, 0, 0, 0, 0, 0, 0, 0, 0, 0, 0, 0, 0, 0, 
0, 0, 0, 0, 0, 0, 0, 0, 0, 0, 0, 0, 0, 0, 0, 0, 
0, 0, 0, 0, 0, 0, 0, 0, 0, 0, 0, 0, 0, 0, 0, 0, 
0, 0, 0, 0, 0, 0, 0, 0, 0, 0, 0, 0, 0, 0, 0, 0, 
0, 0, 0, 0, 0, 0, 0, 0, 0, 0, 0, 0, 0, 0, 0, 0, 
0, 0, 0, 0, 0, 0, 0, 0, 0, 0, 0, 0, 0, 0, 0, 0, 
0, 0, 0, 0, 0, 0, 0, 0, 0, 0, 0, 0, 0, 0, 0, 0, 
0, 0, 0, 0, 0, 0, 0, 0,
0, 0, 0, 0, 0, 0, 0, 0, 0, 0, 0, 0, 0, 0, 0, 0, 
0, 0, 0, 0, 0, 0, 0, 0, 0, 0, 0, 0, 0, 0, 0, 0, 
0, 0, 0, 0, 0, 0, 0, 0, 0, 0, 0, 0, 0, 0, 0, 0, 
0, 0, 0, 0, 0, 0, 0, 0, 0, 0, 0, 0, 0, 0, 0, 0, 
0, 0, 0, 0, 0, 0, 0, 0, 0, 0, 0, 0, 0, 0, 0, 0, 
0, 0, 0, 0, 0, 0, 0, 0, 0, 0, 0, 0, 0, 0, 0, 0, 
0, 0, 0, 0, 0, 0, 0, 0, 0, 0, 0, 0, 0, 0, 0, 0, 
0, 0, 0, 0, 0, 0, 0, 0,
0, 0, 0, 0, 0, 0, 0, 0, 0, 0, 0, 0, 0, 0, 0, 0, 
0, 0, 0, 0, 0, 0, 0, 0, 0, 0, 0, 0, 0, 0, 0, 0, 
0, 0, 0, 0, 0, 0, 0, 0, 0, 0, 0, 0, 0, 0, 0, 0, 
0, 0, 0, 0, 0, 0, 0, 0, 0, 0, 0, 0, 0, 0, 0, 0, 
0, 0, 0, 0, 0, 0, 0, 0, 0, 0, 0, 0, 0, 0, 0, 0, 
0, 0, 0, 0, 0, 0, 0, 0, 0, 0, 0, 0, 0, 0, 0, 0, 
0, 0, 0, 0, 0, 0, 0, 0, 0, 0, 0, 0, 0, 0, 0, 0, 
0, 0, 0, 0, 0, 0, 0, 0,
0, 0, 0, 0, 0, 0, 0, 0, 0, 0, 0, 0, 0, 0, 0, 0, 
0, 0, 0, 0, 0, 0, 0, 0, 0, 0, 0, 0, 0, 0, 0, 0, 
0, 0, 0, 0, 0, 0, 0, 0, 0, 0, 0, 0, 0, 0, 0, 0, 
0, 0, 0, 0, 0, 0, 0, 0, 0, 0, 0, 0, 0, 0, 0, 0, 
0, 0, 0, 0, 0, 0, 0, 0, 0, 0, 0, 0, 0, 0, 0, 0, 
0, 0, 0, 0, 0, 0, 0, 0, 0, 0, 0, 0, 0, 0, 0, 0, 
0, 0, 0, 0, 0, 0, 0, 0, 0, 0, 0, 0, 0, 0, 0, 0, 
0, 0, 0, 0, 0, 0, 0, 0,
0, 0, 0, 0, 0, 0, 0, 0, 0, 0, 0, 0, 0, 0, 0, 0, 
0, 0, 0, 0, 0, 0, 0, 0, 0, 0, 0, 0, 0, 0, 0, 0, 
0, 0, 0, 0, 0, 0, 0, 0, 0, 0, 0, 0, 0, 0, 0, 0, 
0, 0, 0, 0, 0, 0, 0, 0, 0, 0, 0, 0, 0, 0, 0, 0, 
0, 0, 0, 0, 0, 0, 0, 0, 0, 0, 0, 0, 0, 0, 0, 0, 
0, 0, 0, 0, 0, 0, 0, 0, 0, 0, 0, 0, 0, 0, 0, 0, 
0, 0, 0, 0, 0, 0, 0, 0, 0, 0, 0, 0, 0, 0, 0, 0, 
0, 0, 0, 0, 0, 0, 0, 0,
0, 0, 0, 0, 0, 0, 0, 0, 0, 0, 0, 0, 0, 0, 0, 0, 
0, 0, 0, 0, 0, 0, 0, 0, 0, 0, 0, 0, 0, 0, 0, 0, 
0, 0, 0, 0, 0, 0, 0, 0, 0, 0, 0, 0, 0, 0, 0, 0, 
0, 0, 0, 0, 0, 0, 0, 0, 0, 0, 0, 0, 0, 0, 0, 0, 
0, 0, 0, 0, 0, 0, 0, 0, 0, 0, 0, 0, 0, 0, 0, 0, 
0, 0, 0, 0, 0, 0, 0, 0, 0, 0, 0, 0, 0, 0, 0, 0, 
0, 0, 0, 0, 0, 0, 0, 0, 0, 0, 0, 0, 0, 0, 0, 0, 
0, 0, 0, 0, 0, 0, 0, 0,
0, 0, 0, 0, 0, 0, 0, 0, 0, 0, 0, 0, 0, 0, 0, 0, 
0, 0, 0, 0, 0, 0, 0, 0, 0, 0, 0, 0, 0, 0, 0, 0, 
0, 0, 0, 0, 0, 0, 0, 0, 0, 0, 0, 0, 0, 0, 0, 0, 
0, 0, 0, 0, 0, 0, 0, 0, 0, 0, 0, 0, 0, 0, 0, 0, 
0, 0, 0, 0, 0, 0, 0, 0, 0, 0, 0, 0, 0, 0, 0, 0, 
0, 0, 0, 0, 0, 0, 0, 0, 0, 0, 0, 0, 0, 0, 0, 0, 
0, 0, 0, 0, 0, 0, 0, 0, 0, 0, 0, 0, 0, 0, 0, 0, 
0, 0, 0, 0, 0, 0, 0, 0,
0, 0, 0, 0, 0, 0, 0, 0, 0, 0, 0, 0, 0, 0, 0, 0, 
0, 0, 0, 0, 0, 0, 0, 0, 0, 0, 0, 0, 0, 0, 0, 0, 
0, 0, 0, 0, 0, 0, 0, 0, 0, 0, 0, 0, 0, 0, 0, 0, 
0, 0, 0, 0, 0, 0, 0, 0, 0, 0, 0, 0, 0, 0, 0, 0, 
0, 0, 0, 0, 0, 0, 0, 0, 0, 0, 0, 0, 0, 0, 0, 0, 
0, 0, 0, 0, 0, 0, 0, 0, 0, 0, 0, 0, 0, 0, 0, 0, 
0, 0, 0, 0, 0, 0, 0, 0, 0, 0, 0, 0, 0, 0, 0, 0, 
0, 0, 0, 0, 0, 0, 0, 0,
0, 0, 0, 0, 0, 0, 0, 0, 0, 0, 0, 0, 0, 0, 0, 0, 
0, 0, 0, 0, 0, 0, 0, 0, 0, 0, 0, 0, 0, 0, 0, 0, 
0, 0, 0, 0, 0, 0, 0, 0, 0, 0, 0, 0, 0, 0, 0, 0, 
0, 0, 0, 0, 0, 0, 0, 0, 0, 0, 0, 0, 0, 0, 0, 0, 
0, 0, 0, 0, 0, 0, 0, 0, 0, 0, 0, 0, 0, 0, 0, 0, 
0, 0, 0, 0, 0, 0, 0, 0, 0, 0, 0, 0, 0, 0, 0, 0, 
0, 0, 0, 0, 0, 0, 0, 0, 0, 0, 0, 0, 0, 0, 0, 0, 
0, 0, 0, 0, 0, 0, 0, 0,
0, 0, 0, 0, 0, 0, 0, 0, 0, 0, 0, 0, 0, 0, 0, 0, 
0, 0, 0, 0, 0, 0, 0, 0, 0, 0, 0, 0, 0, 0, 0, 0, 
0, 0, 0, 0, 0, 0, 0, 0, 0, 0, 0, 0, 0, 0, 0, 0, 
0, 0, 0, 0, 0, 0, 0, 0, 0, 0, 0, 0, 0, 0, 0, 0, 
0, 0, 0, 0, 0, 0, 0, 0, 0, 0, 0, 0, 0, 0, 0, 0, 
0, 0, 0, 0, 0, 0, 0, 0, 0, 0, 0, 0, 0, 0, 0, 0, 
0, 0, 0, 0, 0, 0, 0, 0, 0, 0, 0, 0, 0, 0, 0, 0, 
0, 0, 0, 0, 0, 0, 0, 0,
0, 0, 0, 0, 0, 0, 0, 0, 0, 0, 0, 0, 0, 0, 0, 0, 
0, 0, 0, 0, 0, 0, 0, 0, 0, 0, 0, 0, 0, 0, 0, 0, 
0, 0, 0, 0, 0, 0, 0, 0, 0, 0, 0, 0, 0, 0, 0, 0, 
0, 0, 0, 0, 0, 0, 0, 0, 0, 0, 0, 0, 0, 0, 0, 0, 
0, 0, 0, 0, 0, 0, 0, 0, 0, 0, 0, 0, 0, 0, 0, 0, 
0, 0, 0, 0, 0, 0, 0, 0, 0, 0, 0, 0, 0, 0, 0, 0, 
0, 0, 0, 0, 0, 0, 0, 0, 0, 0, 0, 0, 0, 0, 0, 0, 
0, 0, 0, 0, 0, 0, 0, 0,
0, 0, 0, 0, 0, 0, 0, 0, 0, 0, 0, 0, 0, 0, 0, 0, 
0, 0, 0, 0, 0, 0, 0, 0, 0, 0, 0, 0, 0, 0, 0, 0, 
0, 0, 0, 0, 0, 0, 0, 0, 0, 0, 0, 0, 0, 0, 0, 0, 
0, 0, 0, 0, 0, 0, 0, 0, 0, 0, 0, 0, 0, 0, 0, 0, 
0, 0, 0, 0, 0, 0, 0, 0, 0, 0, 0, 0, 0, 0, 0, 0, 
0, 0, 0, 0, 0, 0, 0, 0, 0, 0, 0, 0, 0, 0, 0, 0, 
0, 0, 0, 0, 0, 0, 0, 0, 0, 0, 0, 0, 0, 0, 0, 0, 
0, 0, 0, 0, 0, 0, 0, 0,
0, 0, 0, 0, 0, 0, 0, 0, 0, 0, 0, 0, 0, 0, 0, 0, 
0, 0, 0, 0, 0, 0, 0, 0, 0, 0, 0, 0, 0, 0, 0, 0, 
0, 0, 0, 0, 0, 0, 0, 0, 0, 0, 0, 0, 0, 0, 0, 0, 
0, 0, 0, 0, 0, 0, 0, 0, 0, 0, 0, 0, 0, 0, 0, 0, 
0, 0, 0, 0, 0, 0, 0, 0, 0, 0, 0, 0, 0, 0, 0, 0, 
0, 0, 0, 0, 0, 0, 0, 0, 0, 0, 0, 0, 0, 0, 0, 0, 
0, 0, 0, 0, 0, 0, 0, 0, 0, 0, 0, 0, 0, 0, 0, 0, 
0, 0, 0, 0, 0, 0, 0, 0,
0, 0, 0, 0, 0, 0, 0, 0, 0, 0, 0, 0, 0, 0, 0, 0, 
0, 0, 0, 0, 0, 0, 0, 0, 0, 0, 0, 0, 0, 0, 0, 0, 
0, 0, 0, 0, 0, 0, 0, 0, 0, 0, 0, 0, 0, 0, 0, 0, 
0, 0, 0, 0, 0, 0, 0, 0, 0, 0, 0, 0, 0, 0, 0, 0, 
0, 0, 0, 0, 0, 0, 0, 0, 0, 0, 0, 0, 0, 0, 0, 0, 
0, 0, 0, 0, 0, 0, 0, 0, 0, 0, 0, 0, 0, 0, 0, 0, 
0, 0, 0, 0, 0, 0, 0, 0, 0, 0, 0, 0, 0, 0, 0, 0, 
0, 0, 0, 0, 0, 0, 0, 0,
0, 0, 0, 0, 0, 0, 0, 0, 0, 0, 0, 0, 0, 0, 0, 0, 
0, 0, 0, 0, 0, 0, 0, 0, 0, 0, 0, 0, 0, 0, 0, 0, 
0, 0, 0, 0, 0, 0, 0, 0, 0, 0, 0, 0, 0, 0, 0, 0, 
0, 0, 0, 0, 0, 0, 0, 0, 0, 0, 0, 0, 0, 0, 0, 0, 
0, 0, 0, 0, 0, 0, 0, 0, 0, 0, 0, 0, 0, 0, 0, 0, 
0, 0, 0, 0, 0, 0, 0, 0, 0, 0, 0, 0, 0, 0, 0, 0, 
0, 0, 0, 0, 0, 0, 0, 0, 0, 0, 0, 0, 0, 0, 0, 0, 
0, 0, 0, 0, 0, 0, 0, 0,
0, 0, 0, 0, 0, 0, 0, 0, 0, 0, 0, 0, 0, 0, 0, 0, 
0, 0, 0, 0, 0, 0, 0, 0, 0, 0, 0, 0, 0, 0, 0, 0, 
0, 0, 0, 0, 0, 0, 0, 0, 0, 0, 0, 0, 0, 0, 0, 0, 
0, 0, 0, 0, 0, 0, 0, 0, 0, 0, 0, 0, 0, 0, 0, 0, 
0, 0, 0, 0, 0, 0, 0, 0, 0, 0, 0, 0, 0, 0, 0, 0, 
0, 0, 0, 0, 0, 0, 0, 0, 0, 0, 0, 0, 0, 0, 0, 0, 
0, 0, 0, 0, 0, 0, 0, 0, 0, 0, 0, 0, 0, 0, 0, 0, 
0, 0, 0, 0, 0, 0, 0, 0,
0, 0, 0, 0, 0, 0, 0, 0, 0, 0, 0, 0, 0, 0, 0, 0, 
0, 0, 0, 0, 0, 0, 0, 0, 0, 0, 0, 0, 0, 0, 0, 0, 
0, 0, 0, 0, 0, 0, 0, 0, 0, 0, 0, 0, 0, 0, 0, 0, 
0, 0, 0, 0, 0, 0, 0, 0, 0, 0, 0, 0, 0, 0, 0, 0, 
0, 0, 0, 0, 0, 0, 0, 0, 0, 0, 0, 0, 0, 0, 0, 0, 
0, 0, 0, 0, 0, 0, 0, 0, 0, 0, 0, 0, 0, 0, 0, 0, 
0, 0, 0, 0, 0, 0, 0, 0, 0, 0, 0, 0, 0, 0, 0, 0, 
0, 0, 0, 0, 0, 0, 0, 0,
0, 0, 0, 0, 0, 0, 0, 0, 0, 0, 0, 0, 0, 0, 0, 0, 
0, 0, 0, 0, 0, 0, 0, 0, 0, 0, 0, 0, 0, 0, 0, 0, 
0, 0, 0, 0, 0, 0, 0, 0, 0, 0, 0, 0, 0, 0, 0, 0, 
0, 0, 0, 0, 0, 0, 0, 0, 0, 0, 0, 0, 0, 0, 0, 0, 
0, 0, 0, 0, 0, 0, 0, 0, 0, 0, 0, 0, 0, 0, 0, 0, 
0, 0, 0, 0, 0, 0, 0, 0, 0, 0, 0, 0, 0, 0, 0, 0, 
0, 0, 0, 0, 0, 0, 0, 0, 0, 0, 0, 0, 0, 0, 0, 0, 
0, 0, 0, 0, 0, 0, 0, 0,
0, 0, 0, 0, 0, 0, 0, 0, 0, 0, 0, 0, 0, 0, 0, 0, 
0, 0, 0, 0, 0, 0, 0, 0, 0, 0, 0, 0, 0, 0, 0, 0, 
0, 0, 0, 0, 0, 0, 0, 0, 0, 0, 0, 0, 0, 0, 0, 0, 
0, 0, 0, 0, 0, 0, 0, 0, 0, 0, 0, 0, 0, 0, 0, 0, 
0, 0, 0, 0, 0, 0, 0, 0, 0, 0, 0, 0, 0, 0, 0, 0, 
0, 0, 0, 0, 0, 0, 0, 0, 0, 0, 0, 0, 0, 0, 0, 0, 
0, 0, 0, 0, 0, 0, 0, 0, 0, 0, 0, 0, 0, 0, 0, 0, 
0, 0, 0, 0, 0, 0, 0, 0,
0, 0, 0, 0, 0, 0, 0, 0, 0, 0, 0, 0, 0, 0, 0, 0, 
0, 0, 0, 0, 0, 0, 0, 0, 0, 0, 0, 0, 0, 0, 0, 0, 
0, 0, 0, 0, 0, 0, 0, 0, 0, 0, 0, 0, 0, 0, 0, 0, 
0, 0, 0, 0, 0, 0, 0, 0, 0, 0, 0, 0, 0, 0, 0, 0, 
0, 0, 0, 0, 0, 0, 0, 0, 0, 0, 0, 0, 0, 0, 0, 0, 
0, 0, 0, 0, 0, 0, 0, 0, 0, 0, 0, 0, 0, 0, 0, 0, 
0, 0, 0, 0, 0, 0, 0, 0, 0, 0, 0, 0, 0, 0, 0, 0, 
0, 0, 0, 0, 0, 0, 0, 0,
0, 0, 0, 0, 0, 0, 0, 0, 0, 0, 0, 0, 0, 0, 0, 0, 
0, 0, 0, 0, 0, 0, 0, 0, 0, 0, 0, 0, 0, 0, 0, 0, 
0, 0, 0, 0, 0, 0, 0, 0, 0, 0, 0, 0, 0, 0, 0, 0, 
0, 0, 0, 0, 0, 0, 0, 0, 0, 0, 0, 0, 0, 0, 0, 0, 
0, 0, 0, 0, 0, 0, 0, 0, 0, 0, 0, 0, 0, 0, 0, 0, 
0, 0, 0, 0, 0, 0, 0, 0, 0, 0, 0, 0, 0, 0, 0, 0, 
0, 0, 0, 0, 0, 0, 45, 0, 0, 0, 0, 0, 0, 0, 0, 0, 
0, 0, 0, 0, 0, 0, 0, 0,
0, 0, 0, 0, 0, 0, 0, 0, 0, 0, 0, 0, 0, 0, 0, 0, 
0, 0, 0, 0, 0, 0, 0, 0, 0, 0, 0, 0, 0, 0, 0, 0, 
0, 0, 0, 0, 0, 0, 0, 0, 0, 0, 0, 0, 0, 0, 0, 0, 
0, 0, 0, 0, 0, 0, 0, 0, 0, 0, 0, 0, 0, 0, 0, 0, 
0, 0, 0, 0, 0, 0, 0, 0, 0, 0, 0, 0, 0, 0, 0, 0, 
0, 0, 0, 0, 0, 0, 0, 0, 0, 0, 0, 0, 0, 0, 0, 0, 
0, 0, 0, 0, 0, 0, 0, 0, 0, 0, 0, 0, 0, 0, 0, 0, 
0, 0, 0, 0, 0, 0, 0, 0,
0, 0, 0, 0, 0, 0, 0, 0, 0, 0, 0, 0, 0, 0, 0, 0, 
0, 0, 0, 0, 0, 0, 0, 0, 0, 0, 0, 0, 0, 0, 0, 0, 
0, 0, 0, 0, 0, 0, 0, 0, 0, 0, 0, 0, 0, 0, 0, 0, 
0, 0, 0, 0, 0, 0, 0, 0, 0, 0, 0, 0, 0, 0, 0, 0, 
0, 0, 0, 0, 0, 0, 0, 0, 0, 0, 0, 0, 0, 0, 0, 0, 
0, 0, 0, 0, 0, 0, 0, 0, 0, 0, 0, 0, 0, 0, 0, 0, 
0, 0, 0, 0, 0, 0, 0, 0, 0, 0, 0, 0, 0, 0, 0, 0, 
0, 0, 0, 0, 0, 0, 0, 0,
0, 0, 0, 0, 0, 0, 0, 0, 0, 0, 0, 0, 0, 0, 0, 0, 
0, 0, 0, 0, 0, 0, 0, 0, 0, 0, 0, 0, 0, 0, 0, 0, 
0, 0, 0, 0, 0, 0, 0, 0, 0, 0, 0, 0, 0, 0, 0, 0, 
0, 0, 0, 0, 0, 0, 0, 0, 0, 0, 0, 0, 0, 0, 0, 0, 
0, 0, 0, 0, 0, 0, 0, 0, 0, 0, 0, 0, 0, 0, 0, 0, 
0, 0, 0, 0, 0, 0, 0, 0, 0, 0, 0, 0, 0, 0, 0, 0, 
0, 0, 0, 0, 0, 0, 0, 0, 0, 0, 0, 0, 0, 0, 0, 0, 
0, 0, 0, 0, 0, 0, 0, 0,
0, 0, 0, 0, 0, 0, 45, 0, 0, 0, 0, 0, 0, 0, 0, 0, 
0, 0, 0, 0, 0, 0, 0, 0, 0, 0, 0, 0, 0, 0, 0, 0, 
0, 0, 0, 0, 0, 0, 0, 0, 0, 0, 0, 0, 0, 0, 0, 0, 
0, 0, 0, 0, 0, 0, 0, 0, 0, 0, 0, 0, 0, 0, 0, 0, 
0, 0, 0, 0, 0, 0, 0, 0, 0, 0, 0, 0, 0, 0, 0, 0, 
0, 0, 0, 0, 0, 0, 0, 0, 0, 0, 0, 0, 0, 0, 0, 0, 
0, 0, 0, 0, 0, 0, 0, 0, 0, 0, 0, 0, 0, 0, 0, 0, 
0, 0, 0, 0, 0, 0, 0, 0,
0, 0, 0, 0, 0, 0, 0, 0, 0, 0, 0, 0, 0, 0, 0, 0, 
0, 0, 0, 0, 0, 0, 0, 0, 0, 0, 0, 0, 0, 0, 0, 0, 
0, 0, 0, 0, 0, 0, 0, 0, 0, 0, 0, 0, 0, 0, 0, 0, 
0, 0, 0, 0, 0, 0, 0, 0, 0, 0, 0, 0, 0, 0, 0, 0, 
0, 0, 0, 0, 0, 0, 0, 0, 0, 0, 0, 0, 0, 0, 0, 0, 
0, 0, 0, 47, 0, 0, 0, 0, 0, 0, 0, 0, 0, 0, 0, 47, 
0, 0, 0, 0, 0, 0, 0, 0, 0, 0, 0, 0, 0, 0, 0, 0, 
0, 0, 0, 0, 0, 0, 0, 0,
0, 0, 0, 0, 0, 0, 0, 0, 0, 0, 0, 0, 0, 0, 0, 0, 
0, 0, 0, 0, 0, 0, 0, 0, 0, 0, 0, 0, 0, 0, 0, 0, 
0, 0, 0, 0, 0, 0, 0, 0, 0, 0, 0, 0, 0, 0, 0, 0, 
0, 0, 0, 0, 0, 0, 0, 0, 0, 0, 0, 0, 0, 0, 0, 0, 
0, 0, 0, 0, 0, 0, 0, 0, 0, 0, 0, 0, 0, 0, 0, 0, 
0, 0, 0, 0, 0, 0, 0, 0, 0, 0, 0, 0, 0, 0, 0, 0, 
0, 0, 0, 0, 0, 0, 0, 0, 0, 0, 0, 0, 0, 0, 0, 0, 
0, 0, 0, 0, 0, 0, 0, 0,
0, 0, 0, 0, 0, 0, 0, 0, 0, 0, 0, 0, 0, 0, 0, 0, 
0, 0, 0, 0, 0, 0, 0, 0, 0, 0, 0, 0, 0, 0, 0, 0, 
0, 0, 0, 0, 0, 0, 0, 0, 0, 0, 0, 0, 0, 0, 0, 0, 
0, 0, 0, 0, 0, 0, 0, 0, 0, 0, 0, 0, 0, 0, 0, 0, 
0, 0, 0, 0, 0, 0, 0, 0, 0, 0, 0, 0, 0, 0, 0, 0, 
0, 0, 0, 0, 0, 0, 0, 0, 0, 0, 0, 0, 0, 0, 0, 0, 
0, 0, 0, 0, 0, 0, 0, 0, 0, 0, 0, 0, 0, 0, 0, 0, 
0, 0, 0, 0, 0, 0, 0, 0,
0, 0, 0, 0, 0, 0, 0, 0, 0, 0, 0, 0, 0, 0, 0, 0, 
0, 0, 0, 0, 0, 0, 0, 0, 0, 0, 0, 0, 0, 0, 0, 0, 
0, 0, 0, 0, 0, 0, 0, 0, 0, 0, 0, 0, 0, 0, 0, 0, 
0, 0, 0, 0, 0, 0, 0, 0, 0, 0, 0, 0, 0, 0, 0, 0, 
0, 0, 0, 0, 0, 0, 0, 0, 0, 0, 0, 0, 0, 0, 0, 0, 
0, 0, 0, 0, 0, 0, 0, 0, 0, 0, 0, 0, 0, 0, 0, 0, 
0, 0, 0, 0, 0, 0, 0, 0, 0, 0, 0, 0, 0, 0, 0, 0, 
0, 0, 0, 0, 0, 0, 0, 0,
0, 0, 0, 0, 0, 0, 0, 0, 0, 0, 0, 0, 0, 0, 0, 0, 
0, 0, 0, 0, 0, 0, 0, 0, 0, 0, 0, 0, 0, 0, 0, 0, 
0, 0, 0, 0, 0, 0, 0, 0, 0, 0, 0, 0, 0, 0, 0, 0, 
0, 0, 0, 0, 0, 0, 0, 0, 0, 0, 0, 0, 0, 0, 0, 0, 
0, 0, 0, 0, 0, 0, 0, 0, 0, 0, 0, 0, 0, 0, 0, 0, 
0, 0, 0, 0, 0, 0, 0, 0, 0, 0, 0, 0, 0, 0, 0, 0, 
0, 0, 0, 0, 0, 0, 0, 0, 0, 0, 0, 0, 0, 0, 0, 0, 
0, 0, 0, 0, 0, 0, 0, 0,
0, 0, 0, 0, 0, 0, 0, 0, 0, 0, 0, 0, 0, 0, 0, 0, 
0, 0, 0, 0, 0, 0, 0, 0, 0, 0, 0, 0, 0, 0, 0, 0, 
0, 0, 0, 0, 0, 0, 0, 0, 0, 0, 0, 0, 0, 0, 0, 0, 
0, 0, 0, 0, 0, 0, 0, 0, 0, 0, 0, 0, 0, 0, 0, 0, 
0, 0, 0, 0, 0, 0, 0, 0, 0, 0, 0, 0, 0, 0, 0, 0, 
0, 0, 0, 0, 0, 0, 0, 0, 0, 0, 0, 0, 0, 0, 0, 0, 
0, 0, 0, 0, 0, 0, 0, 0, 0, 0, 0, 0, 0, 0, 0, 0, 
0, 0, 0, 0, 0, 0, 0, 0,
0, 0, 0, 0, 0, 0, 0, 0, 0, 0, 0, 0, 0, 0, 0, 0, 
0, 0, 0, 0, 0, 0, 0, 0, 0, 0, 0, 0, 0, 0, 0, 0, 
0, 0, 0, 0, 0, 0, 0, 0, 0, 0, 0, 0, 0, 0, 0, 0, 
0, 0, 0, 0, 0, 0, 0, 0, 0, 0, 0, 0, 0, 0, 0, 0, 
0, 0, 0, 0, 0, 0, 0, 0, 0, 0, 0, 0, 0, 0, 0, 0, 
0, 0, 0, 0, 0, 0, 0, 0, 0, 0, 0, 0, 0, 0, 0, 0, 
0, 0, 0, 0, 0, 0, 0, 0, 0, 0, 0, 0, 0, 0, 0, 0, 
0, 0, 0, 0, 0, 0, 0, 0,
0, 0, 0, 0, 0, 0, 0, 0, 0, 0, 0, 0, 0, 0, 0, 0, 
0, 0, 0, 0, 0, 0, 0, 0, 0, 0, 0, 0, 0, 0, 0, 0, 
0, 0, 0, 0, 0, 0, 0, 0, 0, 0, 0, 0, 0, 0, 0, 0, 
0, 0, 0, 0, 0, 0, 0, 0, 0, 0, 0, 0, 0, 0, 0, 0, 
0, 0, 0, 0, 0, 0, 0, 0, 0, 0, 0, 0, 0, 0, 0, 0, 
0, 0, 0, 0, 0, 0, 0, 0, 0, 0, 0, 0, 0, 0, 0, 0, 
0, 0, 0, 0, 0, 0, 0, 0, 0, 0, 0, 0, 0, 0, 0, 0, 
0, 0, 0, 0, 0, 0, 0, 0,
0, 0, 0, 0, 0, 0, 0, 0, 0, 0, 0, 0, 0, 0, 0, 0, 
0, 0, 0, 0, 0, 0, 0, 0, 0, 0, 0, 0, 0, 0, 0, 0, 
0, 0, 0, 0, 0, 0, 0, 0, 0, 0, 0, 0, 0, 0, 0, 0, 
0, 0, 0, 0, 0, 0, 0, 0, 0, 0, 0, 0, 0, 0, 0, 0, 
0, 0, 0, 0, 0, 0, 0, 0, 0, 0, 0, 0, 0, 0, 0, 0, 
0, 47, 0, 0, 0, 0, 0, 0, 0, 0, 0, 0, 0, 0, 0, 0, 
0, 0, 0, 0, 0, 0, 0, 0, 0, 0, 0, 0, 0, 0, 0, 0, 
0, 0, 0, 0, 0, 0, 0, 0,
0, 0, 0, 0, 0, 0, 0, 0, 0, 0, 0, 0, 0, 0, 0, 0, 
0, 0, 0, 0, 0, 0, 0, 0, 0, 0, 0, 0, 0, 0, 0, 0, 
0, 0, 0, 0, 0, 0, 0, 0, 0, 0, 0, 0, 0, 0, 0, 0, 
0, 0, 0, 0, 0, 0, 0, 0, 0, 0, 0, 0, 0, 0, 0, 0, 
0, 0, 0, 0, 0, 0, 0, 0, 0, 0, 0, 0, 0, 0, 0, 0, 
0, 0, 0, 0, 0, 0, 0, 0, 0, 0, 0, 0, 0, 0, 0, 0, 
0, 0, 0, 0, 0, 0, 0, 0, 0, 0, 0, 0, 0, 0, 0, 0, 
0, 0, 0, 0, 0, 0, 0, 0,
0, 0, 0, 0, 0, 0, 0, 0, 0, 0, 0, 0, 0, 0, 0, 0, 
0, 0, 0, 0, 0, 0, 0, 0, 0, 0, 0, 0, 0, 0, 0, 0, 
0, 0, 0, 0, 0, 0, 0, 0, 0, 0, 0, 0, 0, 0, 0, 0, 
0, 0, 0, 0, 0, 0, 0, 0, 0, 0, 0, 0, 0, 0, 0, 0, 
0, 0, 0, 0, 0, 0, 0, 0, 0, 0, 0, 0, 0, 0, 0, 0, 
0, 0, 0, 0, 0, 0, 0, 0, 0, 0, 0, 0, 0, 0, 0, 0, 
0, 0, 0, 0, 0, 0, 0, 0, 0, 0, 0, 0, 0, 0, 0, 0, 
0, 0, 0, 0, 0, 0, 0, 0,
0, 0, 0, 0, 0, 0, 0, 0, 0, 0, 0, 0, 0, 0, 0, 0, 
0, 0, 0, 0, 0, 0, 0, 0, 0, 0, 0, 0, 0, 0, 0, 0, 
0, 0, 0, 0, 0, 0, 0, 0, 0, 0, 0, 0, 0, 0, 0, 0, 
0, 0, 0, 0, 0, 0, 0, 0, 0, 0, 0, 0, 0, 0, 0, 0, 
0, 0, 0, 0, 0, 0, 0, 0, 0, 0, 0, 0, 0, 0, 0, 0, 
0, 0, 0, 0, 0, 0, 0, 0, 0, 0, 0, 0, 0, 0, 0, 0, 
0, 0, 0, 0, 0, 0, 0, 0, 0, 0, 0, 0, 0, 0, 0, 0, 
0, 0, 0, 0, 0, 0, 0, 0,
0, 0, 0, 0, 0, 0, 0, 0, 0, 0, 0, 0, 0, 0, 0, 0, 
0, 0, 0, 0, 0, 0, 0, 0, 0, 0, 0, 0, 0, 0, 0, 0, 
0, 0, 0, 0, 0, 0, 0, 0, 0, 0, 0, 0, 0, 0, 0, 0, 
0, 0, 0, 0, 0, 0, 0, 0, 0, 0, 0, 0, 0, 0, 0, 0, 
0, 0, 0, 0, 0, 0, 0, 0, 0, 0, 0, 0, 0, 0, 0, 0, 
0, 0, 0, 0, 0, 0, 0, 0, 0, 0, 0, 0, 0, 0, 0, 0, 
0, 0, 0, 0, 0, 0, 0, 0, 0, 0, 0, 0, 0, 0, 0, 0, 
0, 0, 0, 0, 0, 0, 0, 0,
0, 0, 0, 0, 0, 0, 0, 0, 0, 0, 0, 0, 0, 0, 0, 0, 
0, 0, 0, 0, 0, 0, 0, 0, 0, 0, 0, 0, 0, 0, 0, 0, 
0, 0, 0, 0, 0, 0, 0, 0, 0, 0, 0, 0, 0, 0, 0, 0, 
0, 0, 0, 0, 0, 0, 0, 0, 0, 0, 0, 0, 0, 0, 0, 0, 
0, 0, 0, 0, 0, 0, 0, 0, 0, 0, 0, 0, 0, 0, 0, 0, 
0, 0, 0, 0, 0, 0, 0, 0, 0, 0, 0, 0, 0, 0, 0, 0, 
0, 0, 0, 0, 0, 0, 0, 0, 0, 0, 0, 0, 0, 0, 0, 0, 
0, 0, 0, 0, 0, 0, 0, 0,
0, 0, 0, 0, 0, 0, 0, 0, 0, 0, 0, 0, 0, 0, 0, 0, 
0, 0, 0, 0, 0, 0, 0, 0, 0, 0, 0, 0, 0, 0, 0, 0, 
0, 0, 0, 0, 0, 0, 0, 0, 0, 0, 0, 0, 0, 0, 0, 0, 
0, 0, 0, 0, 0, 0, 0, 0, 0, 0, 0, 0, 0, 0, 0, 0, 
0, 0, 0, 0, 0, 0, 0, 0, 0, 0, 0, 0, 0, 0, 0, 0, 
0, 0, 0, 0, 0, 0, 0, 0, 0, 0, 0, 0, 0, 0, 0, 0, 
0, 0, 0, 0, 0, 0, 0, 0, 0, 0, 0, 0, 0, 0, 0, 0, 
0, 0, 0, 0, 0, 0, 0, 0,
0, 0, 0, 0, 0, 0, 0, 0, 0, 0, 0, 0, 0, 0, 0, 0, 
0, 0, 0, 0, 0, 0, 0, 0, 0, 0, 0, 0, 0, 0, 0, 0, 
0, 0, 0, 0, 0, 0, 0, 0, 0, 0, 0, 0, 0, 0, 0, 0, 
0, 0, 0, 0, 0, 0, 0, 0, 0, 0, 0, 0, 0, 0, 0, 0, 
0, 0, 0, 0, 0, 0, 0, 0, 0, 0, 0, 0, 0, 0, 0, 0, 
0, 0, 0, 0, 0, 0, 0, 0, 0, 0, 0, 0, 0, 0, 0, 0, 
0, 0, 0, 0, 0, 0, 0, 0, 0, 0, 0, 0, 0, 0, 0, 0, 
0, 0, 0, 45, 0, 0, 0, 0,
0, 0, 0, 0, 0, 0, 0, 0, 0, 0, 0, 0, 0, 0, 0, 0, 
0, 0, 0, 0, 0, 0, 0, 0, 0, 0, 0, 0, 0, 0, 0, 0, 
0, 0, 0, 0, 0, 0, 0, 0, 0, 0, 0, 0, 0, 0, 0, 0, 
0, 0, 0, 0, 0, 0, 0, 0, 0, 0, 0, 0, 0, 0, 0, 0, 
0, 0, 0, 0, 0, 0, 0, 0, 0, 0, 0, 0, 0, 0, 0, 0, 
0, 0, 0, 0, 0, 0, 0, 0, 0, 0, 0, 0, 0, 0, 0, 0, 
0, 0, 0, 0, 0, 0, 0, 0, 0, 0, 0, 0, 0, 0, 0, 0, 
0, 0, 0, 0, 0, 0, 0, 0,
0, 0, 0, 0, 0, 0, 0, 0, 0, 0, 0, 0, 0, 0, 0, 0, 
0, 0, 0, 0, 0, 0, 0, 0, 0, 0, 0, 0, 0, 0, 0, 0, 
0, 0, 0, 0, 0, 0, 0, 0, 0, 0, 0, 0, 0, 0, 0, 0, 
0, 0, 0, 0, 0, 0, 0, 0, 0, 0, 0, 0, 0, 0, 0, 0, 
0, 0, 0, 0, 0, 0, 0, 0, 0, 0, 0, 0, 0, 0, 0, 0, 
0, 0, 0, 0, 0, 0, 0, 0, 0, 0, 0, 0, 0, 0, 0, 0, 
0, 0, 0, 0, 0, 0, 0, 0, 0, 0, 0, 0, 0, 0, 0, 0, 
0, 0, 0, 0, 0, 0, 0, 0,
0, 0, 0, 0, 0, 0, 0, 0, 0, 0, 0, 0, 0, 0, 0, 0, 
0, 0, 0, 0, 0, 0, 0, 0, 0, 0, 0, 0, 0, 0, 0, 0, 
0, 0, 0, 0, 0, 0, 0, 0, 0, 0, 0, 0, 0, 0, 0, 0, 
0, 0, 0, 0, 0, 0, 0, 0, 0, 0, 0, 0, 0, 0, 0, 0, 
0, 0, 0, 0, 0, 0, 0, 0, 0, 0, 0, 0, 0, 0, 0, 0, 
0, 0, 0, 0, 0, 0, 0, 0, 0, 0, 0, 0, 0, 0, 0, 0, 
0, 0, 0, 0, 0, 0, 0, 0, 0, 0, 0, 0, 0, 0, 0, 0, 
0, 0, 0, 0, 0, 0, 0, 0,
0, 0, 0, 0, 0, 0, 0, 0, 0, 0, 0, 0, 0, 0, 0, 0, 
0, 0, 0, 0, 0, 0, 0, 0, 0, 0, 0, 0, 0, 0, 0, 0, 
0, 0, 0, 0, 0, 0, 0, 0, 0, 0, 0, 0, 0, 0, 0, 0, 
0, 0, 0, 0, 0, 0, 0, 0, 0, 0, 0, 0, 0, 0, 0, 0, 
0, 0, 0, 0, 0, 0, 0, 0, 0, 0, 0, 0, 0, 0, 0, 0, 
0, 0, 0, 0, 0, 0, 0, 0, 0, 0, 0, 0, 0, 0, 0, 0, 
0, 0, 0, 0, 0, 0, 0, 0, 0, 0, 0, 0, 0, 0, 0, 0, 
0, 0, 0, 0, 0, 0, 0, 0,
0, 0, 0, 0, 0, 0, 0, 0, 0, 0, 0, 0, 0, 0, 0, 0, 
0, 0, 0, 0, 0, 0, 0, 0, 0, 0, 0, 0, 0, 0, 0, 0, 
0, 0, 0, 0, 0, 0, 0, 0, 0, 0, 0, 0, 0, 0, 0, 0, 
0, 0, 0, 0, 0, 0, 0, 0, 0, 0, 0, 0, 0, 0, 0, 0, 
0, 0, 0, 0, 0, 0, 0, 0, 0, 0, 0, 0, 0, 0, 0, 0, 
0, 0, 0, 0, 0, 0, 0, 0, 0, 0, 0, 0, 0, 0, 0, 0, 
0, 0, 0, 0, 0, 0, 0, 0, 0, 0, 0, 0, 0, 0, 0, 0, 
0, 0, 0, 0, 0, 0, 0, 0,
0, 0, 0, 0, 0, 0, 0, 0, 0, 0, 0, 0, 0, 0, 0, 0, 
0, 0, 0, 0, 0, 0, 0, 0, 0, 0, 0, 0, 0, 0, 0, 0, 
0, 0, 0, 0, 0, 0, 0, 0, 0, 0, 0, 0, 0, 0, 0, 0, 
0, 0, 0, 0, 0, 0, 0, 0, 0, 0, 0, 0, 0, 0, 0, 0, 
0, 0, 0, 0, 0, 0, 0, 0, 0, 0, 0, 0, 0, 0, 0, 0, 
0, 0, 0, 0, 0, 0, 0, 0, 0, 0, 0, 0, 0, 0, 0, 0, 
0, 0, 0, 0, 0, 0, 0, 0, 0, 0, 0, 0, 0, 0, 0, 0, 
0, 0, 0, 0, 0, 0, 0, 0,
0, 0, 0, 0, 0, 0, 0, 0, 0, 0, 0, 0, 0, 0, 0, 0, 
0, 0, 0, 0, 0, 0, 0, 0, 0, 0, 0, 0, 0, 0, 0, 0, 
0, 0, 0, 0, 0, 0, 0, 0, 0, 0, 0, 0, 0, 0, 0, 0, 
0, 0, 0, 0, 0, 0, 0, 0, 0, 0, 0, 0, 0, 0, 0, 0, 
0, 0, 0, 0, 0, 0, 0, 0, 0, 0, 0, 0, 0, 0, 0, 0, 
0, 0, 0, 0, 0, 0, 0, 0, 0, 0, 0, 0, 0, 0, 0, 0, 
0, 0, 0, 0, 0, 0, 0, 0, 0, 0, 0, 0, 0, 0, 0, 0, 
0, 0, 0, 0, 0, 0, 0, 0
};

