const short map0[9360] = {
49, 56, 49, 49, 49, 49, 49, 50, 49, 49, 49, 56, 49, 54, 55, 49, 
49, 49, 49, 50, 49, 49, 56, 49, 49, 49, 51, 49, 49, 49, 49, 49, 
49, 56, 49, 51, 49, 49, 49, 49, 49, 49, 49, 49, 49, 49, 56, 49, 
49, 49, 49, 49, 49, 49, 54, 55, 49, 56, 49, 49, 49, 49, 50, 49, 
49, 49, 49, 49, 56, 49, 49, 49, 49, 50, 49, 49, 49, 49, 49, 54, 
55, 49, 49, 49, 56, 49, 49, 49, 49, 49, 49, 49, 49, 49, 49, 49, 
49, 49, 56, 49, 49, 54, 55, 49, 49, 50, 49, 49, 49, 49, 49, 49, 
56, 49, 49, 49, 49, 54, 55, 49,
49, 56, 54, 55, 49, 49, 49, 49, 49, 49, 49, 56, 49, 52, 53, 49, 
49, 51, 49, 50, 49, 49, 56, 49, 50, 49, 49, 63, 49, 49, 49, 49, 
49, 56, 49, 49, 49, 49, 49, 49, 54, 55, 49, 49, 49, 49, 56, 49, 
51, 49, 49, 49, 49, 49, 52, 53, 49, 56, 51, 49, 49, 49, 49, 49, 
49, 50, 49, 49, 56, 49, 49, 49, 49, 49, 49, 49, 49, 49, 49, 52, 
53, 49, 50, 49, 56, 49, 49, 50, 49, 49, 49, 63, 49, 49, 49, 49, 
50, 49, 56, 49, 49, 52, 53, 49, 50, 49, 49, 49, 49, 54, 55, 49, 
56, 49, 49, 51, 49, 52, 53, 49,
49, 56, 52, 53, 49, 49, 49, 49, 49, 49, 49, 56, 49, 49, 49, 49, 
49, 49, 49, 49, 49, 49, 56, 49, 49, 49, 49, 50, 49, 49, 49, 49, 
49, 56, 49, 49, 49, 49, 49, 49, 52, 53, 49, 49, 49, 49, 56, 49, 
49, 49, 49, 49, 49, 49, 49, 49, 49, 56, 49, 49, 49, 49, 49, 49, 
49, 49, 49, 49, 56, 49, 49, 49, 49, 49, 49, 49, 49, 49, 49, 49, 
49, 49, 49, 49, 56, 49, 49, 49, 49, 49, 49, 49, 49, 49, 49, 49, 
49, 49, 56, 49, 49, 49, 49, 49, 49, 50, 49, 49, 49, 52, 53, 49, 
56, 49, 49, 49, 50, 50, 49, 49,
57, 58, 57, 57, 57, 57, 57, 57, 57, 57, 57, 58, 57, 57, 57, 57, 
57, 57, 57, 57, 57, 57, 58, 57, 57, 57, 57, 57, 57, 57, 57, 57, 
57, 58, 57, 57, 57, 57, 57, 57, 57, 57, 57, 57, 57, 57, 58, 57, 
57, 57, 57, 57, 57, 57, 57, 57, 57, 58, 57, 57, 57, 57, 57, 57, 
57, 57, 57, 57, 58, 57, 57, 57, 57, 57, 57, 57, 57, 57, 57, 57, 
57, 57, 57, 57, 58, 57, 57, 57, 57, 57, 57, 57, 57, 57, 57, 57, 
57, 57, 58, 57, 57, 57, 57, 57, 57, 57, 57, 57, 57, 57, 57, 57, 
58, 57, 57, 57, 57, 57, 57, 57,
49, 56, 49, 49, 49, 49, 50, 49, 49, 51, 49, 56, 49, 49, 49, 49, 
49, 49, 49, 49, 49, 49, 56, 49, 49, 49, 49, 49, 49, 49, 49, 49, 
49, 56, 49, 49, 49, 49, 49, 49, 49, 49, 49, 49, 49, 49, 56, 49, 
49, 49, 49, 49, 49, 49, 49, 49, 49, 56, 49, 49, 49, 49, 49, 49, 
49, 49, 49, 49, 56, 49, 49, 49, 49, 49, 49, 49, 49, 49, 49, 49, 
49, 49, 49, 49, 56, 49, 49, 49, 49, 49, 49, 49, 49, 49, 49, 49, 
49, 49, 56, 49, 49, 49, 49, 49, 49, 49, 54, 55, 49, 49, 49, 49, 
56, 49, 49, 49, 49, 49, 49, 49,
49, 56, 51, 49, 59, 60, 61, 62, 49, 49, 49, 56, 49, 59, 60, 61, 
62, 61, 62, 61, 62, 49, 56, 49, 59, 60, 59, 60, 59, 60, 61, 62, 
49, 56, 49, 59, 60, 61, 62, 49, 49, 59, 60, 59, 60, 49, 56, 49, 
49, 49, 59, 60, 61, 62, 49, 51, 49, 56, 49, 49, 49, 59, 60, 59, 
60, 49, 49, 50, 56, 49, 61, 62, 59, 60, 61, 62, 59, 60, 59, 60, 
60, 59, 60, 49, 56, 49, 61, 62, 59, 60, 49, 50, 49, 59, 60, 61, 
62, 49, 56, 49, 61, 62, 59, 60, 49, 49, 52, 59, 60, 61, 62, 49, 
56, 49, 59, 60, 59, 60, 59, 60,
49, 56, 49, 49, 61, 62, 59, 60, 49, 50, 49, 56, 49, 61, 62, 59, 
60, 61, 62, 59, 60, 49, 56, 49, 61, 62, 59, 60, 59, 60, 59, 60, 
49, 56, 49, 61, 62, 59, 60, 49, 49, 61, 62, 59, 60, 49, 56, 49, 
49, 49, 61, 62, 59, 60, 49, 49, 49, 56, 49, 49, 49, 61, 62, 59, 
60, 49, 49, 49, 56, 49, 59, 60, 59, 60, 61, 62, 59, 60, 59, 60, 
60, 61, 62, 49, 56, 49, 59, 60, 61, 62, 49, 49, 49, 59, 60, 59, 
60, 49, 56, 49, 61, 62, 59, 60, 49, 50, 49, 61, 62, 59, 60, 49, 
56, 49, 59, 60, 59, 60, 61, 62,
49, 56, 49, 49, 59, 60, 59, 60, 49, 49, 49, 56, 49, 59, 60, 61, 
62, 59, 60, 59, 60, 49, 56, 49, 59, 60, 59, 60, 59, 60, 59, 60, 
49, 56, 49, 59, 60, 59, 60, 49, 49, 59, 60, 59, 60, 49, 56, 49, 
49, 49, 59, 60, 59, 60, 49, 49, 49, 56, 49, 49, 49, 59, 60, 61, 
62, 49, 49, 49, 56, 49, 59, 60, 61, 62, 59, 60, 59, 60, 61, 62, 
60, 59, 60, 49, 56, 49, 59, 60, 61, 62, 49, 49, 49, 61, 62, 59, 
60, 49, 56, 49, 59, 60, 61, 62, 49, 49, 49, 59, 60, 59, 60, 55, 
56, 49, 61, 62, 61, 62, 61, 62,
49, 56, 49, 49, 49, 49, 49, 50, 49, 54, 55, 56, 49, 49, 49, 50, 
49, 49, 50, 49, 49, 49, 56, 50, 49, 49, 51, 49, 49, 49, 49, 49, 
49, 56, 49, 49, 49, 49, 49, 54, 55, 49, 49, 49, 49, 49, 56, 49, 
51, 49, 49, 49, 49, 49, 49, 49, 49, 56, 49, 49, 49, 49, 49, 49, 
49, 49, 49, 49, 56, 49, 49, 49, 49, 49, 49, 49, 49, 49, 49, 49, 
49, 49, 49, 49, 56, 49, 49, 49, 49, 49, 49, 49, 49, 49, 49, 49, 
49, 49, 56, 54, 55, 49, 49, 49, 49, 49, 50, 49, 49, 49, 52, 53, 
56, 49, 54, 55, 49, 49, 49, 49,
49, 56, 49, 51, 49, 49, 49, 63, 49, 52, 53, 56, 49, 49, 51, 49, 
49, 49, 50, 49, 54, 55, 56, 49, 49, 49, 49, 49, 50, 49, 54, 55, 
49, 56, 49, 49, 49, 49, 49, 52, 53, 49, 49, 49, 49, 49, 56, 49, 
49, 49, 49, 49, 54, 55, 49, 49, 49, 56, 49, 49, 49, 51, 49, 50, 
49, 54, 55, 49, 56, 49, 54, 55, 49, 49, 49, 50, 49, 51, 49, 49, 
49, 49, 51, 49, 56, 49, 49, 49, 50, 49, 49, 49, 50, 49, 49, 49, 
50, 49, 56, 52, 53, 49, 49, 49, 54, 55, 49, 50, 50, 49, 49, 49, 
56, 49, 52, 53, 49, 50, 49, 49,
49, 56, 49, 49, 49, 49, 49, 49, 49, 49, 49, 56, 49, 49, 49, 49, 
50, 49, 49, 49, 52, 53, 56, 49, 50, 49, 49, 49, 49, 49, 52, 53, 
49, 56, 49, 49, 49, 49, 49, 49, 49, 49, 49, 49, 49, 51, 56, 49, 
49, 49, 49, 49, 52, 53, 49, 49, 49, 56, 49, 49, 49, 49, 49, 49, 
49, 52, 53, 49, 56, 49, 52, 53, 49, 49, 49, 49, 49, 49, 49, 49, 
49, 49, 49, 49, 56, 49, 49, 49, 49, 49, 49, 49, 49, 49, 49, 49, 
49, 49, 56, 49, 49, 49, 49, 51, 52, 53, 49, 49, 49, 49, 50, 50, 
56, 49, 49, 49, 49, 49, 49, 49,
57, 58, 57, 57, 57, 57, 57, 57, 57, 57, 57, 58, 57, 57, 57, 57, 
57, 57, 57, 57, 57, 57, 58, 57, 57, 57, 57, 57, 57, 57, 57, 57, 
57, 58, 57, 57, 57, 57, 57, 57, 57, 57, 57, 57, 57, 57, 58, 57, 
57, 57, 57, 57, 57, 57, 57, 57, 57, 58, 57, 57, 57, 57, 57, 57, 
57, 57, 57, 57, 58, 57, 57, 57, 57, 57, 57, 57, 57, 57, 57, 57, 
57, 57, 57, 57, 58, 57, 57, 57, 57, 57, 57, 57, 57, 57, 57, 57, 
57, 57, 58, 57, 57, 57, 57, 57, 57, 57, 57, 57, 57, 57, 57, 57, 
58, 57, 57, 57, 57, 57, 57, 57,
49, 56, 49, 49, 49, 49, 49, 49, 49, 50, 49, 56, 49, 49, 49, 49, 
49, 49, 49, 49, 49, 50, 56, 49, 49, 49, 49, 49, 49, 49, 49, 49, 
49, 56, 49, 49, 49, 49, 49, 49, 49, 49, 49, 49, 49, 49, 56, 49, 
49, 49, 49, 49, 49, 49, 49, 54, 55, 56, 49, 49, 49, 49, 49, 49, 
49, 49, 49, 49, 56, 49, 49, 49, 49, 49, 49, 49, 49, 49, 49, 49, 
49, 49, 49, 49, 56, 49, 49, 49, 49, 49, 49, 49, 49, 49, 49, 49, 
49, 49, 56, 49, 49, 49, 49, 49, 54, 55, 49, 49, 49, 49, 49, 49, 
56, 49, 49, 49, 49, 49, 49, 49,
49, 56, 49, 49, 61, 62, 59, 60, 49, 49, 49, 56, 49, 61, 62, 59, 
60, 61, 62, 59, 60, 49, 56, 49, 61, 62, 59, 60, 59, 60, 61, 62, 
49, 56, 49, 59, 60, 61, 62, 49, 49, 61, 62, 59, 60, 49, 56, 49, 
51, 49, 61, 62, 59, 60, 49, 52, 50, 56, 49, 49, 49, 59, 60, 61, 
62, 49, 49, 49, 56, 49, 61, 62, 59, 60, 59, 60, 59, 60, 59, 60, 
60, 61, 62, 49, 56, 49, 59, 60, 61, 62, 49, 49, 50, 59, 60, 61, 
62, 49, 56, 49, 59, 60, 59, 60, 52, 53, 49, 59, 60, 61, 62, 49, 
56, 49, 61, 62, 59, 60, 50, 49,
49, 56, 50, 49, 59, 60, 61, 62, 49, 50, 49, 56, 49, 59, 60, 61, 
62, 59, 60, 61, 62, 49, 56, 49, 59, 60, 59, 60, 61, 62, 59, 60, 
49, 56, 49, 61, 62, 59, 60, 49, 49, 59, 60, 61, 62, 49, 56, 49, 
49, 49, 59, 60, 61, 62, 49, 49, 50, 56, 49, 49, 49, 59, 60, 59, 
60, 49, 50, 49, 56, 49, 59, 60, 59, 60, 59, 60, 59, 60, 61, 62, 
62, 59, 60, 49, 56, 49, 59, 60, 59, 60, 49, 49, 49, 61, 62, 59, 
60, 49, 56, 49, 61, 62, 59, 60, 49, 49, 50, 61, 62, 61, 62, 49, 
56, 49, 59, 60, 61, 62, 49, 49,
49, 56, 49, 50, 61, 62, 59, 60, 49, 50, 49, 56, 49, 61, 62, 59, 
60, 59, 60, 59, 60, 49, 56, 49, 61, 62, 59, 60, 59, 60, 59, 60, 
49, 56, 49, 59, 60, 59, 60, 49, 49, 61, 62, 59, 60, 49, 56, 49, 
50, 49, 61, 62, 59, 60, 49, 49, 49, 56, 49, 49, 49, 59, 60, 61, 
62, 49, 49, 49, 56, 49, 59, 60, 61, 62, 59, 60, 61, 62, 59, 60, 
60, 59, 60, 49, 56, 49, 61, 62, 61, 62, 49, 49, 49, 59, 60, 59, 
60, 49, 56, 49, 59, 60, 61, 62, 49, 49, 49, 59, 60, 59, 60, 49, 
56, 49, 59, 60, 61, 62, 49, 49,
49, 56, 49, 49, 49, 49, 49, 49, 49, 49, 50, 56, 49, 49, 49, 49, 
49, 49, 49, 49, 49, 50, 56, 49, 49, 49, 51, 49, 49, 50, 49, 49, 
49, 56, 49, 49, 49, 49, 49, 49, 49, 49, 49, 49, 49, 49, 56, 49, 
49, 49, 49, 49, 49, 50, 50, 49, 49, 56, 49, 49, 49, 49, 49, 49, 
49, 50, 49, 49, 56, 49, 49, 49, 49, 49, 49, 49, 49, 49, 49, 49, 
49, 49, 49, 49, 56, 49, 49, 49, 49, 49, 50, 49, 49, 63, 49, 49, 
49, 49, 56, 49, 54, 55, 49, 49, 49, 50, 49, 49, 49, 49, 49, 49, 
56, 49, 49, 49, 49, 49, 54, 55,
49, 56, 50, 49, 54, 55, 49, 49, 51, 49, 49, 56, 54, 55, 49, 49, 
51, 49, 49, 50, 49, 49, 56, 49, 50, 49, 49, 49, 50, 49, 49, 50, 
49, 56, 49, 51, 49, 49, 49, 50, 49, 49, 49, 49, 49, 49, 56, 49, 
49, 49, 49, 49, 49, 49, 51, 49, 49, 56, 49, 51, 49, 49, 49, 54, 
55, 49, 49, 49, 56, 49, 49, 51, 49, 50, 49, 49, 49, 49, 49, 54, 
55, 49, 49, 49, 56, 49, 50, 49, 49, 49, 49, 51, 49, 49, 49, 49, 
49, 49, 56, 49, 52, 53, 49, 49, 49, 49, 49, 49, 49, 49, 54, 55, 
56, 49, 51, 49, 50, 49, 52, 53,
49, 56, 49, 49, 52, 53, 49, 49, 49, 49, 49, 56, 52, 53, 49, 49, 
49, 49, 49, 49, 49, 49, 56, 49, 49, 49, 49, 49, 49, 49, 49, 49, 
49, 56, 49, 49, 49, 49, 49, 49, 49, 49, 51, 49, 49, 49, 56, 49, 
49, 49, 50, 49, 49, 49, 49, 49, 49, 56, 49, 49, 49, 49, 49, 52, 
53, 49, 49, 50, 56, 49, 49, 49, 49, 49, 49, 50, 49, 49, 49, 52, 
53, 49, 49, 49, 56, 49, 49, 49, 49, 49, 49, 49, 49, 49, 49, 49, 
49, 50, 56, 49, 49, 49, 49, 50, 49, 49, 49, 49, 49, 50, 52, 53, 
56, 49, 49, 49, 49, 49, 49, 49,
57, 58, 57, 57, 57, 57, 57, 57, 57, 57, 57, 58, 57, 57, 57, 57, 
57, 57, 57, 57, 57, 57, 58, 57, 57, 57, 57, 57, 57, 57, 57, 57, 
57, 58, 57, 57, 57, 57, 57, 57, 57, 57, 57, 57, 57, 57, 58, 57, 
57, 57, 57, 57, 57, 57, 57, 57, 57, 58, 57, 57, 57, 57, 57, 57, 
57, 57, 57, 57, 58, 57, 57, 57, 57, 57, 57, 57, 57, 57, 57, 57, 
57, 57, 57, 57, 58, 57, 57, 57, 57, 57, 57, 57, 57, 57, 57, 57, 
57, 57, 58, 57, 57, 57, 57, 57, 57, 57, 57, 57, 57, 57, 57, 57, 
58, 57, 57, 57, 57, 57, 57, 57,
49, 56, 49, 50, 49, 49, 49, 49, 49, 49, 49, 56, 49, 49, 49, 49, 
49, 49, 49, 49, 49, 49, 56, 49, 49, 49, 49, 49, 49, 49, 49, 49, 
49, 56, 49, 49, 49, 49, 49, 49, 49, 49, 49, 49, 49, 49, 56, 49, 
49, 49, 49, 49, 49, 49, 49, 49, 49, 56, 49, 49, 49, 49, 49, 49, 
49, 49, 49, 49, 56, 49, 49, 49, 49, 49, 49, 49, 49, 49, 49, 49, 
49, 49, 49, 49, 56, 49, 49, 49, 49, 49, 49, 49, 49, 49, 49, 49, 
49, 49, 56, 49, 49, 49, 49, 49, 49, 49, 49, 49, 49, 49, 49, 49, 
56, 49, 49, 49, 49, 49, 49, 49,
49, 56, 49, 49, 59, 60, 61, 62, 49, 49, 50, 56, 49, 59, 60, 61, 
62, 59, 60, 61, 62, 49, 56, 49, 59, 60, 61, 62, 59, 60, 59, 60, 
49, 56, 49, 61, 62, 59, 60, 49, 49, 59, 60, 61, 62, 49, 56, 54, 
55, 49, 59, 60, 61, 62, 49, 49, 49, 56, 49, 49, 49, 59, 60, 59, 
60, 49, 49, 49, 56, 49, 59, 60, 59, 60, 61, 62, 59, 60, 59, 60, 
60, 61, 62, 49, 56, 49, 61, 62, 59, 60, 49, 49, 51, 59, 60, 59, 
60, 49, 56, 49, 61, 62, 59, 60, 49, 50, 49, 61, 62, 59, 60, 49, 
56, 49, 61, 62, 59, 60, 61, 62,
49, 56, 49, 49, 59, 60, 59, 60, 49, 50, 49, 56, 49, 61, 62, 61, 
62, 61, 62, 59, 60, 49, 56, 49, 59, 60, 59, 60, 59, 60, 61, 62, 
49, 56, 49, 59, 60, 61, 62, 49, 49, 59, 60, 59, 60, 49, 56, 52, 
53, 49, 59, 60, 59, 60, 49, 50, 49, 56, 49, 49, 49, 61, 62, 59, 
60, 49, 49, 50, 56, 49, 61, 62, 59, 60, 59, 60, 59, 60, 61, 62, 
62, 59, 60, 49, 56, 49, 61, 62, 59, 60, 49, 50, 49, 59, 60, 61, 
62, 49, 56, 49, 59, 60, 59, 60, 49, 49, 49, 61, 62, 59, 60, 49, 
56, 49, 59, 60, 61, 62, 61, 62,
49, 56, 49, 49, 61, 62, 59, 60, 49, 49, 50, 56, 49, 59, 60, 59, 
60, 61, 62, 59, 60, 49, 56, 49, 61, 62, 59, 60, 61, 62, 59, 60, 
49, 56, 49, 61, 62, 59, 60, 49, 49, 61, 62, 59, 60, 49, 56, 49, 
49, 49, 61, 62, 59, 60, 50, 49, 49, 56, 49, 49, 54, 59, 60, 59, 
60, 49, 49, 49, 56, 54, 59, 60, 59, 60, 59, 60, 61, 62, 61, 62, 
62, 59, 60, 49, 56, 49, 59, 60, 59, 60, 49, 49, 49, 61, 62, 59, 
60, 49, 56, 49, 59, 60, 59, 60, 55, 49, 49, 61, 62, 59, 60, 49, 
56, 49, 59, 60, 61, 62, 59, 60,
49, 56, 49, 51, 49, 49, 49, 49, 49, 49, 49, 56, 49, 49, 51, 49, 
49, 63, 49, 49, 49, 49, 56, 49, 49, 49, 49, 49, 49, 50, 54, 55, 
49, 56, 49, 49, 49, 49, 49, 49, 49, 50, 49, 49, 49, 49, 56, 49, 
51, 49, 49, 49, 49, 49, 49, 49, 49, 56, 49, 49, 52, 53, 49, 49, 
50, 49, 49, 49, 56, 52, 53, 49, 49, 49, 49, 49, 49, 49, 49, 49, 
49, 49, 49, 50, 56, 49, 49, 50, 49, 49, 49, 50, 49, 49, 49, 49, 
49, 50, 56, 49, 49, 49, 49, 52, 53, 49, 49, 49, 49, 49, 50, 49, 
56, 49, 49, 49, 50, 51, 49, 49,
49, 56, 49, 49, 49, 49, 49, 54, 55, 49, 49, 56, 49, 49, 49, 49, 
49, 49, 49, 54, 55, 49, 56, 49, 49, 54, 55, 49, 49, 49, 52, 53, 
49, 56, 49, 49, 49, 49, 49, 54, 55, 49, 49, 51, 49, 49, 56, 49, 
49, 49, 49, 50, 49, 49, 49, 49, 49, 56, 49, 51, 49, 49, 49, 49, 
49, 49, 54, 55, 56, 49, 49, 49, 49, 49, 49, 51, 49, 49, 50, 49, 
49, 49, 49, 49, 56, 49, 49, 49, 49, 49, 50, 49, 49, 54, 55, 50, 
49, 49, 56, 49, 51, 49, 49, 49, 49, 49, 54, 55, 49, 49, 49, 49, 
56, 54, 55, 49, 49, 49, 49, 49,
49, 56, 49, 49, 49, 49, 49, 52, 53, 49, 49, 56, 49, 49, 49, 49, 
49, 49, 49, 52, 53, 49, 56, 49, 49, 52, 53, 49, 50, 49, 49, 49, 
49, 56, 51, 49, 49, 49, 49, 52, 53, 49, 49, 49, 49, 50, 56, 49, 
49, 50, 49, 49, 49, 49, 49, 51, 49, 56, 49, 49, 49, 50, 49, 49, 
49, 49, 52, 53, 56, 49, 49, 49, 50, 49, 49, 49, 49, 49, 49, 49, 
49, 49, 49, 49, 56, 49, 49, 49, 49, 49, 49, 50, 49, 52, 53, 49, 
50, 49, 56, 49, 49, 49, 49, 49, 49, 49, 52, 53, 49, 49, 50, 49, 
56, 52, 53, 49, 49, 49, 49, 49,
57, 58, 57, 57, 57, 57, 57, 57, 57, 57, 57, 58, 57, 57, 57, 57, 
57, 57, 57, 57, 57, 57, 58, 57, 57, 57, 57, 57, 57, 57, 57, 57, 
57, 58, 57, 57, 57, 57, 57, 57, 57, 57, 57, 57, 57, 57, 58, 57, 
57, 57, 57, 57, 57, 57, 57, 57, 57, 58, 57, 57, 57, 57, 57, 57, 
57, 57, 57, 57, 58, 57, 57, 57, 57, 57, 57, 57, 57, 57, 57, 57, 
57, 57, 57, 57, 58, 57, 57, 57, 57, 57, 57, 57, 57, 57, 57, 57, 
57, 57, 58, 57, 57, 57, 57, 57, 57, 57, 57, 57, 57, 57, 57, 57, 
58, 57, 57, 57, 57, 57, 57, 57,
49, 56, 49, 49, 49, 49, 49, 49, 49, 49, 49, 56, 49, 49, 49, 49, 
49, 49, 49, 49, 49, 49, 56, 49, 49, 49, 49, 49, 49, 49, 49, 49, 
49, 56, 49, 49, 49, 49, 49, 49, 50, 49, 49, 49, 49, 49, 56, 49, 
49, 49, 49, 49, 49, 49, 49, 49, 49, 56, 49, 49, 49, 49, 49, 49, 
49, 49, 54, 55, 56, 49, 49, 50, 49, 49, 49, 49, 49, 49, 49, 49, 
50, 49, 49, 49, 56, 51, 49, 49, 49, 49, 49, 49, 49, 49, 49, 49, 
49, 49, 56, 49, 49, 49, 49, 49, 49, 49, 49, 49, 49, 49, 49, 49, 
56, 49, 49, 49, 49, 49, 50, 49,
49, 56, 49, 49, 59, 60, 61, 62, 49, 49, 49, 56, 49, 61, 62, 59, 
60, 61, 62, 61, 62, 49, 56, 49, 59, 60, 61, 62, 59, 60, 61, 62, 
49, 56, 49, 59, 60, 61, 62, 49, 49, 59, 60, 61, 62, 49, 56, 49, 
49, 49, 59, 60, 61, 62, 49, 49, 49, 56, 51, 49, 49, 59, 60, 61, 
62, 50, 52, 53, 56, 49, 59, 60, 61, 62, 59, 60, 59, 60, 61, 61, 
62, 59, 60, 49, 56, 49, 59, 60, 61, 62, 49, 50, 49, 61, 62, 59, 
60, 49, 56, 49, 61, 62, 59, 60, 49, 49, 50, 59, 60, 61, 62, 55, 
56, 49, 61, 62, 59, 60, 49, 49,
49, 56, 50, 49, 59, 60, 59, 60, 49, 50, 49, 56, 49, 59, 60, 61, 
62, 59, 60, 59, 60, 49, 56, 49, 61, 62, 59, 60, 59, 60, 59, 60, 
49, 56, 49, 59, 60, 59, 60, 49, 49, 61, 62, 59, 60, 49, 56, 49, 
49, 49, 59, 60, 59, 60, 49, 49, 49, 56, 49, 49, 49, 61, 62, 59, 
60, 49, 49, 49, 56, 49, 61, 62, 59, 60, 59, 60, 61, 62, 59, 60, 
60, 59, 60, 49, 56, 49, 59, 60, 61, 62, 49, 49, 49, 59, 60, 61, 
62, 49, 56, 49, 59, 60, 61, 62, 49, 49, 49, 59, 60, 59, 60, 53, 
56, 49, 59, 60, 59, 60, 49, 49,
49, 56, 49, 49, 61, 62, 59, 60, 49, 49, 49, 56, 49, 61, 62, 59, 
60, 59, 60, 59, 60, 49, 56, 49, 59, 60, 59, 60, 61, 62, 59, 60, 
49, 56, 49, 61, 62, 59, 60, 49, 49, 59, 60, 59, 60, 49, 56, 49, 
51, 49, 61, 62, 59, 60, 49, 49, 49, 56, 49, 49, 49, 59, 60, 59, 
60, 49, 49, 49, 56, 49, 59, 60, 61, 62, 59, 60, 59, 60, 59, 60, 
60, 61, 62, 49, 56, 49, 61, 62, 59, 60, 49, 49, 49, 61, 62, 59, 
60, 49, 56, 49, 59, 60, 59, 60, 55, 49, 49, 61, 62, 59, 60, 49, 
56, 49, 61, 62, 59, 60, 49, 49,
49, 56, 49, 49, 49, 49, 49, 49, 49, 51, 49, 56, 49, 49, 49, 49, 
51, 49, 50, 49, 50, 49, 56, 51, 49, 49, 49, 49, 49, 50, 49, 49, 
49, 56, 49, 49, 49, 49, 49, 49, 49, 49, 49, 49, 50, 49, 56, 49, 
49, 49, 49, 49, 49, 49, 49, 49, 49, 56, 54, 55, 49, 49, 49, 49, 
49, 49, 51, 49, 56, 49, 49, 49, 49, 49, 50, 49, 49, 49, 49, 49, 
49, 49, 49, 49, 56, 50, 49, 49, 49, 49, 54, 55, 49, 49, 49, 49, 
49, 49, 56, 49, 51, 49, 49, 52, 53, 49, 49, 49, 49, 49, 49, 49, 
56, 50, 49, 49, 49, 49, 49, 49,
49, 56, 49, 49, 54, 55, 50, 49, 49, 49, 49, 56, 49, 49, 50, 49, 
49, 49, 49, 49, 49, 49, 56, 49, 49, 49, 50, 49, 49, 49, 49, 54, 
55, 56, 49, 49, 50, 49, 50, 49, 49, 49, 49, 49, 49, 49, 56, 49, 
49, 49, 49, 49, 54, 55, 49, 49, 49, 56, 52, 53, 49, 49, 49, 50, 
49, 49, 49, 49, 56, 49, 49, 49, 49, 49, 49, 49, 49, 49, 49, 49, 
49, 49, 50, 49, 56, 49, 49, 49, 49, 49, 52, 53, 49, 49, 49, 49, 
51, 49, 56, 49, 49, 49, 49, 49, 49, 49, 49, 49, 49, 49, 49, 49, 
56, 49, 49, 49, 49, 49, 49, 54,
49, 56, 49, 49, 52, 53, 49, 49, 49, 50, 49, 56, 49, 49, 49, 50, 
49, 49, 49, 51, 49, 49, 56, 49, 49, 49, 49, 49, 49, 49, 49, 52, 
53, 56, 49, 49, 49, 49, 49, 49, 49, 49, 49, 50, 49, 49, 56, 49, 
49, 49, 49, 49, 52, 53, 49, 49, 49, 56, 49, 49, 49, 49, 49, 49, 
49, 50, 49, 49, 56, 49, 49, 50, 49, 49, 49, 49, 51, 49, 49, 50, 
49, 49, 49, 49, 56, 49, 49, 49, 49, 49, 49, 49, 49, 49, 49, 49, 
49, 49, 56, 49, 49, 49, 49, 49, 49, 49, 49, 49, 49, 50, 49, 49, 
56, 49, 49, 49, 50, 49, 49, 52,
57, 58, 57, 57, 57, 57, 57, 57, 57, 57, 57, 58, 57, 57, 57, 57, 
57, 57, 57, 57, 57, 57, 58, 57, 57, 57, 57, 57, 57, 57, 57, 57, 
57, 58, 57, 57, 57, 57, 57, 57, 57, 57, 57, 57, 57, 57, 58, 57, 
57, 57, 57, 57, 57, 57, 57, 57, 57, 58, 57, 57, 57, 57, 57, 57, 
57, 57, 57, 57, 58, 57, 57, 57, 57, 57, 57, 57, 57, 57, 57, 57, 
57, 57, 57, 57, 58, 57, 57, 57, 57, 57, 57, 57, 57, 57, 57, 57, 
57, 57, 58, 57, 57, 57, 57, 57, 57, 57, 57, 57, 57, 57, 57, 57, 
58, 57, 57, 57, 57, 57, 57, 57,
49, 56, 49, 49, 49, 49, 49, 49, 49, 49, 49, 56, 49, 49, 49, 49, 
49, 49, 49, 49, 49, 49, 56, 49, 49, 49, 49, 50, 49, 49, 49, 49, 
49, 56, 49, 49, 49, 49, 49, 50, 49, 49, 49, 49, 49, 49, 56, 49, 
49, 49, 49, 49, 49, 49, 49, 49, 49, 56, 49, 49, 49, 49, 49, 49, 
49, 49, 49, 49, 56, 49, 49, 49, 49, 49, 49, 49, 49, 49, 49, 49, 
49, 49, 49, 49, 56, 49, 49, 49, 49, 49, 49, 49, 49, 49, 49, 49, 
49, 49, 56, 49, 49, 49, 49, 49, 49, 49, 49, 49, 49, 49, 54, 55, 
56, 49, 49, 49, 49, 49, 51, 49,
49, 56, 49, 49, 61, 62, 59, 60, 49, 49, 50, 56, 49, 59, 60, 61, 
62, 61, 62, 59, 60, 49, 56, 49, 61, 62, 59, 60, 59, 60, 61, 62, 
49, 56, 49, 59, 60, 61, 62, 49, 49, 61, 62, 59, 60, 49, 56, 51, 
49, 49, 61, 62, 59, 60, 49, 49, 49, 56, 49, 49, 49, 61, 62, 59, 
60, 49, 49, 50, 56, 49, 61, 62, 59, 60, 59, 60, 59, 60, 61, 62, 
60, 59, 60, 49, 56, 49, 61, 62, 61, 62, 49, 49, 51, 59, 60, 59, 
60, 49, 56, 49, 61, 62, 59, 60, 49, 51, 49, 59, 60, 59, 60, 53, 
56, 49, 59, 60, 61, 62, 49, 49,
49, 56, 49, 49, 59, 60, 61, 62, 49, 49, 49, 56, 49, 59, 60, 59, 
60, 59, 60, 61, 62, 49, 56, 50, 59, 60, 61, 62, 59, 60, 59, 60, 
49, 56, 49, 59, 60, 59, 60, 49, 49, 59, 60, 61, 62, 49, 56, 49, 
49, 49, 59, 60, 61, 62, 49, 49, 49, 56, 49, 49, 49, 59, 60, 61, 
62, 49, 49, 49, 56, 49, 59, 60, 61, 62, 59, 60, 59, 60, 59, 60, 
60, 59, 60, 49, 56, 49, 59, 60, 59, 60, 49, 49, 49, 61, 62, 59, 
60, 49, 56, 49, 59, 60, 59, 60, 49, 49, 49, 61, 62, 61, 62, 49, 
56, 49, 61, 62, 59, 60, 49, 49,
49, 56, 49, 49, 59, 60, 59, 60, 49, 50, 49, 56, 49, 61, 62, 59, 
60, 59, 60, 59, 60, 49, 56, 49, 61, 62, 59, 60, 61, 62, 59, 60, 
49, 56, 49, 61, 62, 59, 60, 49, 49, 61, 62, 59, 60, 49, 56, 49, 
50, 49, 59, 60, 59, 60, 49, 50, 49, 56, 49, 49, 49, 61, 62, 59, 
60, 54, 55, 49, 56, 49, 59, 60, 59, 60, 59, 60, 61, 62, 61, 62, 
62, 61, 62, 49, 56, 49, 59, 60, 59, 60, 49, 50, 49, 59, 60, 61, 
62, 49, 56, 49, 59, 60, 61, 62, 49, 49, 49, 59, 60, 59, 60, 49, 
56, 49, 59, 60, 61, 62, 49, 49,
49, 56, 49, 49, 49, 49, 49, 49, 49, 49, 49, 56, 49, 49, 50, 49, 
49, 49, 49, 49, 49, 49, 56, 49, 49, 49, 49, 49, 49, 49, 49, 49, 
50, 56, 49, 50, 49, 49, 50, 49, 49, 49, 49, 49, 49, 49, 56, 49, 
49, 49, 49, 49, 49, 49, 49, 49, 49, 56, 49, 49, 54, 55, 49, 49, 
49, 52, 53, 49, 56, 49, 49, 49, 50, 52, 53, 49, 49, 49, 49, 49, 
49, 49, 49, 49, 56, 49, 63, 49, 50, 49, 49, 49, 49, 50, 50, 49, 
50, 49, 56, 49, 49, 49, 49, 49, 49, 54, 55, 49, 49, 50, 49, 49, 
56, 49, 49, 49, 49, 50, 49, 49,
49, 56, 49, 50, 49, 49, 50, 51, 49, 49, 49, 56, 49, 49, 49, 54, 
55, 49, 50, 49, 49, 49, 56, 49, 50, 49, 49, 49, 49, 49, 49, 49, 
49, 56, 50, 49, 50, 49, 49, 49, 49, 49, 51, 49, 50, 49, 56, 49, 
49, 49, 50, 49, 50, 49, 54, 55, 49, 56, 49, 49, 52, 53, 49, 50, 
49, 49, 49, 49, 56, 49, 49, 49, 49, 49, 50, 49, 49, 54, 55, 49, 
49, 50, 49, 49, 56, 49, 49, 49, 49, 49, 49, 49, 50, 49, 54, 55, 
49, 49, 56, 54, 55, 49, 49, 63, 49, 52, 53, 50, 50, 49, 49, 49, 
56, 54, 55, 49, 49, 49, 49, 50,
49, 56, 49, 49, 49, 49, 49, 49, 49, 49, 50, 56, 49, 49, 49, 52, 
53, 49, 49, 49, 49, 49, 56, 49, 49, 49, 49, 51, 49, 50, 49, 49, 
49, 56, 49, 49, 49, 50, 49, 49, 50, 49, 49, 49, 50, 49, 56, 49, 
49, 49, 49, 49, 50, 49, 52, 53, 49, 56, 49, 49, 49, 49, 49, 49, 
49, 49, 49, 50, 56, 49, 50, 49, 49, 49, 49, 49, 49, 52, 53, 49, 
49, 49, 49, 49, 56, 49, 49, 49, 49, 49, 49, 49, 49, 49, 52, 53, 
49, 49, 56, 52, 53, 49, 49, 49, 50, 49, 49, 49, 49, 49, 49, 49, 
56, 52, 53, 49, 49, 49, 49, 49,
57, 58, 57, 57, 57, 57, 57, 57, 57, 57, 57, 58, 57, 57, 57, 57, 
57, 57, 57, 57, 57, 57, 58, 57, 57, 57, 57, 57, 57, 57, 57, 57, 
57, 58, 57, 57, 57, 57, 57, 57, 57, 57, 57, 57, 57, 57, 58, 57, 
57, 57, 57, 57, 57, 57, 57, 57, 57, 58, 57, 57, 57, 57, 57, 57, 
57, 57, 57, 57, 58, 57, 57, 57, 57, 57, 57, 57, 57, 57, 57, 57, 
57, 57, 57, 57, 58, 57, 57, 57, 57, 57, 57, 57, 57, 57, 57, 57, 
57, 57, 58, 57, 57, 57, 57, 57, 57, 57, 57, 57, 57, 57, 57, 57, 
58, 57, 57, 57, 57, 57, 57, 57,
49, 56, 49, 49, 49, 49, 49, 49, 49, 49, 49, 56, 49, 49, 49, 49, 
49, 49, 49, 49, 49, 49, 56, 49, 49, 49, 49, 49, 49, 49, 49, 49, 
49, 56, 49, 49, 49, 49, 49, 50, 49, 49, 49, 49, 49, 49, 56, 49, 
49, 49, 49, 49, 49, 49, 49, 49, 49, 56, 49, 49, 49, 49, 49, 49, 
49, 49, 50, 49, 56, 50, 49, 49, 50, 49, 49, 49, 49, 49, 49, 49, 
49, 49, 49, 49, 56, 49, 49, 49, 49, 49, 54, 55, 49, 49, 49, 49, 
49, 49, 56, 49, 49, 49, 49, 54, 55, 49, 49, 49, 49, 49, 49, 49, 
56, 49, 49, 49, 49, 49, 49, 49,
49, 56, 49, 49, 59, 60, 59, 60, 49, 50, 49, 56, 49, 59, 60, 61, 
62, 59, 60, 61, 62, 49, 56, 49, 59, 60, 59, 60, 61, 62, 59, 60, 
49, 56, 49, 61, 62, 59, 60, 49, 50, 59, 60, 61, 62, 49, 56, 49, 
50, 49, 59, 60, 59, 60, 49, 49, 49, 56, 49, 49, 49, 59, 60, 61, 
62, 49, 49, 50, 56, 49, 61, 62, 59, 60, 59, 60, 59, 60, 61, 62, 
60, 59, 60, 49, 56, 49, 61, 62, 59, 60, 52, 53, 49, 59, 60, 59, 
60, 49, 56, 49, 61, 62, 59, 60, 53, 49, 49, 59, 60, 61, 62, 49, 
56, 49, 59, 60, 59, 60, 49, 49,
49, 56, 49, 49, 61, 62, 59, 60, 49, 49, 49, 56, 49, 59, 60, 59, 
60, 61, 62, 59, 60, 49, 56, 49, 59, 60, 61, 62, 59, 60, 61, 62, 
49, 56, 49, 59, 60, 61, 62, 49, 49, 59, 60, 59, 60, 49, 56, 49, 
49, 49, 61, 62, 59, 60, 49, 49, 49, 56, 49, 49, 49, 59, 60, 59, 
60, 49, 49, 49, 56, 49, 59, 60, 61, 62, 61, 62, 59, 60, 59, 60, 
60, 59, 60, 49, 56, 49, 61, 62, 59, 60, 49, 49, 50, 59, 60, 61, 
62, 49, 56, 49, 59, 60, 61, 62, 49, 49, 49, 59, 60, 61, 62, 49, 
56, 49, 59, 60, 61, 62, 49, 49,
49, 56, 49, 49, 59, 60, 61, 62, 49, 50, 49, 56, 49, 61, 62, 59, 
60, 59, 60, 59, 60, 49, 56, 49, 61, 62, 59, 60, 59, 60, 59, 60, 
49, 56, 49, 59, 60, 59, 60, 49, 49, 61, 62, 59, 60, 49, 56, 51, 
49, 50, 59, 60, 61, 62, 49, 54, 55, 56, 49, 50, 49, 61, 62, 59, 
60, 49, 54, 55, 56, 49, 59, 60, 59, 60, 61, 62, 59, 60, 61, 62, 
62, 59, 60, 49, 56, 49, 59, 60, 59, 60, 49, 49, 49, 61, 62, 59, 
60, 49, 56, 49, 59, 60, 59, 60, 49, 49, 51, 59, 60, 59, 60, 49, 
56, 49, 61, 62, 59, 60, 49, 49,
49, 56, 54, 55, 49, 49, 49, 49, 50, 49, 49, 56, 49, 49, 49, 49, 
49, 49, 49, 49, 49, 49, 56, 49, 49, 49, 49, 49, 50, 49, 49, 50, 
49, 56, 49, 50, 49, 49, 49, 54, 55, 49, 49, 50, 49, 50, 56, 49, 
49, 49, 49, 49, 49, 49, 50, 52, 53, 56, 49, 49, 49, 49, 49, 50, 
49, 49, 52, 53, 56, 49, 49, 49, 49, 49, 49, 49, 50, 49, 49, 49, 
49, 49, 49, 49, 56, 49, 49, 49, 49, 49, 49, 49, 49, 49, 49, 49, 
49, 49, 56, 49, 49, 49, 50, 49, 49, 49, 49, 49, 52, 53, 50, 50, 
56, 49, 49, 49, 49, 50, 49, 49,
49, 56, 52, 53, 49, 49, 50, 49, 50, 49, 49, 56, 49, 49, 51, 49, 
49, 49, 49, 49, 49, 49, 56, 49, 51, 49, 54, 55, 49, 49, 50, 50, 
49, 56, 49, 49, 49, 50, 49, 52, 53, 49, 49, 49, 49, 49, 56, 49, 
50, 49, 49, 49, 49, 49, 49, 49, 49, 56, 49, 49, 49, 51, 49, 49, 
49, 50, 49, 49, 56, 54, 55, 49, 49, 49, 51, 49, 49, 49, 49, 50, 
49, 49, 49, 49, 56, 49, 50, 49, 49, 50, 49, 49, 49, 49, 50, 49, 
49, 49, 56, 49, 50, 49, 50, 49, 49, 50, 49, 49, 49, 50, 50, 50, 
56, 49, 49, 49, 49, 49, 49, 54,
49, 56, 49, 49, 49, 49, 49, 49, 49, 49, 49, 56, 49, 49, 49, 49, 
49, 49, 49, 49, 49, 49, 56, 49, 49, 49, 52, 53, 49, 49, 49, 49, 
49, 56, 49, 50, 50, 49, 49, 49, 49, 49, 49, 50, 50, 50, 56, 49, 
49, 49, 49, 49, 51, 49, 49, 49, 49, 56, 49, 49, 49, 49, 49, 49, 
49, 49, 49, 49, 56, 52, 53, 49, 49, 49, 49, 49, 49, 50, 49, 49, 
49, 49, 50, 49, 56, 51, 49, 49, 49, 49, 49, 49, 49, 49, 49, 49, 
49, 49, 56, 49, 49, 49, 49, 50, 49, 49, 49, 49, 49, 50, 50, 50, 
56, 50, 49, 49, 49, 49, 49, 52,
57, 58, 57, 57, 57, 57, 57, 57, 57, 57, 57, 58, 57, 57, 57, 57, 
57, 57, 57, 57, 57, 57, 58, 57, 57, 57, 57, 57, 57, 57, 57, 57, 
57, 58, 57, 57, 57, 57, 57, 57, 57, 57, 57, 57, 57, 57, 58, 57, 
57, 57, 57, 57, 57, 57, 57, 57, 57, 58, 57, 57, 57, 57, 57, 57, 
57, 57, 57, 57, 58, 57, 57, 57, 57, 57, 57, 57, 57, 57, 57, 57, 
57, 57, 57, 57, 58, 57, 57, 57, 57, 57, 57, 57, 57, 57, 57, 57, 
57, 57, 58, 57, 57, 57, 57, 57, 57, 57, 57, 57, 57, 57, 57, 57, 
58, 57, 57, 57, 57, 57, 57, 57,
49, 56, 49, 49, 49, 50, 49, 49, 49, 49, 49, 56, 49, 49, 50, 49, 
49, 49, 49, 50, 49, 49, 56, 49, 49, 49, 49, 49, 49, 50, 49, 49, 
49, 56, 49, 49, 49, 49, 49, 49, 49, 49, 49, 49, 49, 49, 56, 49, 
49, 49, 49, 49, 49, 49, 49, 49, 49, 56, 49, 49, 49, 49, 49, 49, 
49, 49, 49, 49, 56, 49, 49, 49, 49, 49, 49, 49, 49, 49, 49, 49, 
49, 49, 49, 49, 56, 49, 49, 49, 49, 49, 49, 49, 49, 49, 49, 49, 
49, 49, 56, 49, 49, 49, 49, 49, 49, 49, 49, 49, 49, 49, 49, 49, 
56, 49, 49, 49, 49, 49, 50, 49,
49, 56, 49, 51, 50, 49, 49, 49, 49, 49, 49, 56, 49, 61, 62, 59, 
60, 61, 62, 59, 60, 49, 56, 49, 59, 60, 61, 62, 59, 60, 59, 60, 
49, 56, 49, 59, 60, 61, 62, 49, 49, 59, 60, 61, 62, 49, 56, 49, 
50, 49, 61, 62, 59, 60, 49, 49, 49, 56, 49, 49, 49, 59, 60, 61, 
62, 49, 49, 49, 56, 49, 59, 60, 59, 60, 59, 60, 61, 62, 59, 60, 
60, 59, 60, 49, 56, 49, 59, 60, 59, 60, 49, 49, 49, 61, 62, 59, 
60, 49, 56, 49, 61, 62, 59, 60, 54, 55, 49, 59, 60, 59, 60, 49, 
56, 49, 61, 62, 59, 60, 49, 49,
49, 56, 49, 49, 49, 49, 49, 54, 55, 49, 49, 56, 49, 59, 60, 61, 
62, 59, 60, 61, 62, 49, 56, 49, 59, 60, 59, 60, 61, 62, 59, 60, 
49, 56, 49, 61, 62, 59, 60, 50, 49, 59, 60, 59, 60, 49, 56, 49, 
49, 49, 59, 60, 61, 62, 49, 49, 51, 56, 49, 49, 49, 59, 60, 59, 
60, 49, 50, 49, 56, 49, 59, 60, 61, 62, 61, 62, 59, 60, 61, 62, 
62, 59, 60, 49, 56, 49, 59, 60, 59, 60, 49, 51, 49, 59, 60, 59, 
60, 49, 56, 49, 59, 60, 59, 60, 52, 53, 49, 61, 62, 59, 60, 49, 
56, 49, 59, 60, 61, 62, 49, 49,
49, 56, 49, 49, 49, 49, 49, 52, 53, 49, 49, 56, 50, 59, 60, 59, 
60, 61, 62, 59, 60, 49, 56, 49, 61, 62, 61, 62, 59, 60, 61, 62, 
49, 56, 49, 59, 60, 59, 60, 49, 49, 61, 62, 59, 60, 49, 56, 49, 
49, 49, 61, 62, 59, 60, 50, 49, 49, 56, 49, 49, 49, 61, 62, 59, 
60, 49, 49, 49, 56, 49, 59, 60, 61, 62, 59, 60, 59, 60, 59, 60, 
60, 59, 60, 49, 56, 49, 61, 62, 59, 60, 49, 49, 49, 59, 60, 59, 
60, 49, 56, 49, 61, 62, 59, 60, 49, 49, 49, 59, 60, 59, 60, 49, 
56, 49, 59, 60, 59, 60, 49, 49,
49, 56, 49, 49, 49, 51, 49, 49, 49, 49, 49, 56, 49, 49, 49, 49, 
49, 49, 49, 49, 49, 49, 56, 50, 49, 49, 49, 49, 49, 49, 49, 49, 
49, 56, 49, 49, 49, 49, 49, 50, 49, 50, 51, 49, 49, 49, 56, 49, 
49, 50, 49, 49, 49, 49, 49, 49, 49, 56, 49, 49, 49, 49, 49, 49, 
49, 49, 49, 49, 56, 50, 49, 49, 49, 49, 49, 49, 49, 49, 49, 49, 
49, 49, 49, 49, 56, 49, 49, 49, 49, 49, 50, 49, 49, 49, 49, 49, 
49, 49, 56, 49, 49, 49, 49, 49, 50, 49, 51, 49, 49, 49, 49, 49, 
56, 49, 50, 49, 49, 49, 63, 49,
49, 56, 50, 49, 49, 49, 49, 49, 50, 49, 49, 56, 49, 49, 49, 50, 
49, 49, 49, 51, 49, 49, 56, 49, 49, 54, 55, 49, 49, 50, 54, 55, 
49, 56, 49, 50, 49, 49, 49, 49, 50, 49, 49, 49, 50, 49, 56, 54, 
55, 49, 49, 50, 49, 49, 49, 50, 49, 56, 49, 54, 55, 49, 49, 49, 
49, 51, 49, 50, 56, 49, 50, 50, 49, 50, 49, 51, 49, 49, 49, 54, 
55, 49, 49, 49, 56, 49, 54, 55, 49, 49, 49, 49, 50, 63, 49, 49, 
50, 49, 56, 49, 54, 55, 49, 49, 49, 49, 50, 49, 50, 50, 54, 55, 
56, 49, 49, 49, 49, 51, 49, 49,
49, 56, 49, 49, 49, 49, 49, 49, 49, 49, 49, 56, 49, 49, 49, 49, 
49, 49, 49, 49, 49, 49, 56, 49, 49, 52, 53, 49, 49, 50, 52, 53, 
49, 56, 49, 49, 50, 50, 49, 49, 49, 49, 49, 50, 49, 49, 56, 52, 
53, 49, 49, 49, 49, 49, 49, 49, 49, 56, 49, 52, 53, 49, 49, 49, 
49, 49, 49, 49, 56, 49, 49, 49, 49, 49, 49, 49, 49, 49, 49, 52, 
53, 49, 49, 49, 56, 49, 52, 53, 49, 49, 49, 49, 49, 49, 49, 49, 
49, 49, 56, 49, 52, 53, 49, 49, 49, 49, 49, 49, 50, 49, 52, 53, 
56, 49, 49, 49, 49, 49, 49, 49,
57, 58, 57, 57, 57, 57, 57, 57, 57, 57, 57, 58, 57, 57, 57, 57, 
57, 57, 57, 57, 57, 57, 58, 57, 57, 57, 57, 57, 57, 57, 57, 57, 
57, 58, 57, 57, 57, 57, 57, 57, 57, 57, 57, 57, 57, 57, 58, 57, 
57, 57, 57, 57, 57, 57, 57, 57, 57, 58, 57, 57, 57, 57, 57, 57, 
57, 57, 57, 57, 58, 57, 57, 57, 57, 57, 57, 57, 57, 57, 57, 57, 
57, 57, 57, 57, 58, 57, 57, 57, 57, 57, 57, 57, 57, 57, 57, 57, 
57, 57, 58, 57, 57, 57, 57, 57, 57, 57, 57, 57, 57, 57, 57, 57, 
58, 57, 57, 57, 57, 57, 57, 57,
49, 56, 49, 49, 49, 49, 49, 49, 49, 49, 49, 56, 49, 49, 49, 50, 
49, 49, 50, 49, 49, 51, 56, 49, 49, 49, 49, 49, 49, 49, 49, 49, 
49, 56, 49, 49, 49, 49, 49, 49, 49, 49, 49, 49, 49, 49, 56, 49, 
49, 49, 49, 49, 49, 49, 49, 49, 49, 56, 49, 49, 49, 49, 49, 49, 
49, 49, 49, 49, 56, 49, 49, 49, 49, 49, 49, 49, 49, 49, 49, 49, 
49, 49, 49, 49, 56, 49, 49, 49, 49, 49, 49, 49, 49, 49, 49, 49, 
49, 49, 56, 49, 49, 49, 49, 49, 49, 49, 49, 49, 49, 49, 49, 49, 
56, 49, 49, 49, 49, 49, 49, 49,
49, 56, 49, 49, 50, 49, 54, 55, 49, 49, 49, 56, 49, 59, 60, 59, 
60, 61, 62, 61, 62, 49, 56, 49, 61, 62, 59, 60, 59, 60, 61, 62, 
49, 56, 49, 61, 62, 59, 60, 49, 50, 61, 62, 59, 60, 49, 56, 49, 
49, 49, 59, 60, 61, 62, 49, 54, 55, 56, 49, 49, 49, 61, 62, 59, 
60, 49, 49, 49, 56, 49, 61, 62, 59, 60, 59, 60, 61, 62, 59, 60, 
60, 61, 62, 49, 56, 49, 59, 60, 59, 60, 50, 49, 49, 59, 60, 59, 
60, 49, 56, 49, 59, 60, 59, 60, 49, 49, 54, 61, 62, 59, 60, 49, 
56, 49, 59, 60, 59, 60, 61, 62,
49, 56, 49, 49, 49, 49, 52, 53, 49, 49, 49, 56, 49, 61, 62, 61, 
62, 59, 60, 59, 60, 49, 56, 49, 59, 60, 59, 60, 61, 62, 59, 60, 
49, 56, 49, 59, 60, 61, 62, 50, 49, 59, 60, 61, 62, 49, 56, 49, 
50, 49, 59, 60, 59, 60, 49, 52, 53, 56, 49, 49, 49, 59, 60, 61, 
62, 49, 49, 49, 56, 49, 59, 60, 61, 62, 59, 60, 59, 60, 61, 62, 
62, 59, 60, 49, 56, 49, 59, 60, 61, 62, 49, 49, 49, 59, 60, 61, 
62, 49, 56, 49, 59, 60, 61, 62, 49, 49, 52, 59, 60, 61, 62, 49, 
56, 49, 59, 60, 61, 62, 61, 62,
49, 56, 49, 54, 55, 49, 50, 49, 49, 51, 49, 56, 49, 59, 60, 59, 
60, 59, 60, 59, 60, 49, 56, 49, 59, 60, 61, 62, 59, 60, 59, 60, 
49, 56, 49, 61, 62, 59, 60, 49, 49, 59, 60, 59, 60, 49, 56, 51, 
49, 49, 61, 62, 59, 60, 49, 49, 49, 56, 49, 49, 49, 59, 60, 59, 
60, 49, 49, 49, 56, 49, 59, 60, 59, 60, 59, 60, 61, 62, 59, 60, 
60, 59, 60, 49, 56, 49, 59, 60, 59, 60, 49, 49, 49, 61, 62, 59, 
60, 49, 56, 49, 61, 62, 59, 60, 49, 49, 49, 61, 62, 59, 60, 49, 
56, 49, 61, 62, 61, 62, 59, 60,
49, 56, 49, 52, 53, 49, 49, 50, 49, 49, 49, 56, 49, 49, 49, 49, 
49, 49, 49, 49, 49, 49, 56, 49, 49, 49, 49, 49, 49, 49, 49, 49, 
49, 56, 49, 49, 49, 49, 49, 49, 50, 49, 49, 50, 49, 49, 56, 49, 
50, 49, 49, 49, 49, 49, 49, 49, 49, 56, 49, 49, 50, 49, 49, 49, 
49, 54, 55, 49, 56, 49, 49, 49, 49, 49, 50, 49, 49, 49, 49, 49, 
49, 49, 49, 49, 56, 49, 50, 49, 49, 49, 49, 54, 55, 49, 49, 49, 
49, 49, 56, 54, 55, 49, 49, 49, 50, 49, 50, 49, 49, 49, 49, 49, 
56, 49, 49, 49, 50, 49, 49, 54,
49, 56, 49, 49, 49, 49, 51, 49, 49, 50, 49, 56, 50, 49, 49, 51, 
49, 49, 50, 49, 50, 49, 56, 49, 50, 49, 63, 49, 49, 49, 49, 49, 
49, 56, 54, 55, 49, 50, 49, 49, 49, 49, 49, 49, 49, 49, 56, 49, 
49, 49, 49, 49, 49, 49, 49, 49, 49, 56, 49, 51, 49, 49, 49, 50, 
49, 52, 53, 49, 56, 49, 49, 51, 49, 49, 49, 49, 50, 49, 49, 49, 
49, 49, 49, 50, 56, 49, 49, 49, 49, 49, 49, 52, 53, 49, 50, 49, 
49, 49, 56, 52, 53, 49, 49, 49, 50, 49, 50, 50, 49, 49, 54, 55, 
56, 49, 49, 51, 49, 49, 49, 52,
49, 56, 49, 49, 49, 49, 49, 49, 49, 49, 49, 56, 49, 49, 49, 49, 
50, 49, 49, 50, 49, 49, 56, 49, 49, 50, 50, 49, 49, 49, 49, 49, 
49, 56, 52, 53, 49, 49, 49, 50, 50, 50, 50, 49, 49, 49, 56, 49, 
49, 50, 49, 49, 49, 51, 49, 49, 49, 56, 49, 49, 49, 50, 49, 49, 
49, 49, 49, 49, 56, 49, 49, 49, 49, 50, 49, 49, 49, 49, 49, 49, 
49, 49, 49, 49, 56, 50, 49, 49, 49, 50, 49, 49, 49, 49, 49, 49, 
49, 51, 56, 49, 49, 49, 50, 49, 49, 49, 49, 50, 49, 49, 52, 53, 
56, 49, 49, 49, 49, 50, 49, 49,
57, 58, 57, 57, 57, 57, 57, 57, 57, 57, 57, 58, 57, 57, 57, 57, 
57, 57, 57, 57, 57, 57, 58, 57, 57, 57, 57, 57, 57, 57, 57, 57, 
57, 58, 57, 57, 57, 57, 57, 57, 57, 57, 57, 57, 57, 57, 58, 57, 
57, 57, 57, 57, 57, 57, 57, 57, 57, 58, 57, 57, 57, 57, 57, 57, 
57, 57, 57, 57, 58, 57, 57, 57, 57, 57, 57, 57, 57, 57, 57, 57, 
57, 57, 57, 57, 58, 57, 57, 57, 57, 57, 57, 57, 57, 57, 57, 57, 
57, 57, 58, 57, 57, 57, 57, 57, 57, 57, 57, 57, 57, 57, 57, 57, 
58, 57, 57, 57, 57, 57, 57, 57,
49, 56, 49, 49, 49, 49, 49, 50, 49, 49, 49, 56, 51, 49, 49, 49, 
49, 49, 49, 49, 49, 50, 56, 49, 49, 49, 49, 49, 49, 49, 49, 49, 
49, 56, 49, 49, 49, 49, 49, 49, 50, 49, 49, 49, 49, 63, 56, 49, 
49, 49, 49, 49, 49, 49, 49, 49, 49, 56, 49, 49, 49, 49, 49, 49, 
49, 49, 49, 49, 56, 49, 49, 49, 49, 49, 49, 49, 49, 49, 49, 49, 
49, 49, 49, 49, 56, 49, 49, 49, 49, 49, 51, 49, 50, 49, 49, 50, 
50, 49, 56, 49, 49, 49, 49, 49, 49, 49, 49, 49, 49, 49, 49, 49, 
56, 49, 49, 49, 49, 49, 49, 49,
49, 56, 49, 49, 49, 49, 49, 50, 49, 50, 49, 56, 49, 59, 60, 61, 
62, 59, 60, 61, 62, 49, 56, 49, 59, 60, 59, 60, 61, 62, 59, 60, 
49, 56, 49, 59, 60, 61, 62, 49, 49, 59, 60, 59, 60, 49, 56, 49, 
49, 49, 59, 60, 61, 62, 49, 49, 51, 56, 49, 51, 49, 59, 60, 59, 
60, 50, 49, 49, 56, 49, 61, 62, 59, 60, 59, 60, 59, 60, 59, 60, 
60, 61, 62, 49, 56, 49, 59, 60, 59, 60, 49, 50, 49, 61, 62, 59, 
60, 49, 56, 49, 61, 62, 59, 60, 49, 63, 49, 61, 62, 59, 60, 49, 
56, 49, 59, 60, 61, 62, 59, 60,
49, 56, 49, 49, 63, 49, 49, 49, 49, 49, 49, 56, 49, 61, 62, 59, 
60, 61, 62, 59, 60, 49, 56, 49, 61, 62, 59, 60, 59, 60, 61, 62, 
49, 56, 49, 59, 60, 59, 60, 49, 49, 61, 62, 59, 60, 49, 56, 49, 
50, 49, 59, 60, 59, 60, 49, 49, 49, 56, 49, 49, 49, 61, 62, 59, 
60, 49, 49, 50, 56, 49, 59, 60, 61, 62, 59, 60, 61, 62, 61, 62, 
62, 59, 60, 49, 56, 49, 61, 62, 59, 60, 50, 49, 50, 59, 60, 59, 
60, 50, 56, 49, 61, 62, 59, 60, 49, 49, 49, 59, 60, 59, 60, 49, 
56, 49, 61, 62, 59, 60, 59, 60,
49, 56, 49, 49, 49, 49, 49, 49, 49, 49, 49, 56, 49, 59, 60, 59, 
60, 59, 60, 59, 60, 49, 56, 49, 59, 60, 61, 62, 61, 62, 59, 60, 
49, 56, 49, 61, 62, 59, 60, 49, 49, 59, 60, 61, 62, 49, 56, 49, 
49, 49, 61, 62, 59, 60, 49, 49, 49, 56, 49, 49, 49, 59, 60, 61, 
62, 49, 49, 49, 56, 49, 59, 60, 59, 60, 59, 60, 61, 62, 59, 60, 
60, 59, 60, 49, 56, 49, 59, 60, 59, 60, 49, 50, 49, 59, 60, 59, 
60, 49, 56, 49, 59, 60, 61, 62, 49, 50, 54, 59, 60, 61, 62, 49, 
56, 49, 59, 60, 59, 60, 61, 62,
49, 56, 50, 49, 49, 54, 55, 49, 49, 51, 49, 56, 50, 49, 49, 49, 
50, 49, 49, 49, 49, 49, 56, 50, 49, 49, 49, 49, 49, 49, 49, 49, 
49, 56, 49, 49, 49, 50, 49, 54, 55, 49, 49, 49, 49, 49, 56, 49, 
54, 55, 49, 49, 49, 49, 50, 49, 49, 56, 49, 49, 49, 63, 49, 49, 
54, 55, 50, 49, 56, 50, 49, 49, 49, 50, 49, 49, 49, 49, 49, 49, 
49, 50, 49, 49, 56, 49, 54, 55, 49, 49, 49, 63, 49, 49, 49, 49, 
49, 49, 56, 49, 49, 49, 49, 49, 49, 49, 52, 53, 49, 49, 49, 49, 
56, 49, 49, 49, 49, 54, 55, 49,
49, 56, 49, 49, 49, 52, 53, 49, 49, 49, 49, 56, 49, 49, 49, 51, 
49, 49, 54, 55, 49, 49, 56, 49, 49, 49, 51, 49, 50, 50, 49, 49, 
49, 56, 50, 49, 49, 49, 49, 52, 53, 49, 49, 49, 49, 49, 56, 49, 
52, 53, 49, 49, 49, 49, 49, 49, 49, 56, 49, 49, 49, 49, 49, 49, 
52, 53, 49, 49, 56, 49, 49, 49, 49, 49, 49, 54, 55, 49, 51, 49, 
49, 49, 49, 49, 56, 49, 52, 53, 49, 49, 49, 49, 49, 49, 49, 54, 
55, 49, 56, 49, 54, 55, 49, 49, 50, 49, 49, 49, 49, 49, 49, 49, 
56, 54, 55, 51, 63, 52, 53, 49,
49, 56, 49, 49, 49, 49, 49, 49, 49, 49, 51, 56, 49, 50, 49, 49, 
49, 49, 52, 53, 49, 50, 56, 49, 49, 49, 49, 49, 49, 49, 49, 49, 
49, 56, 49, 49, 49, 49, 49, 49, 49, 49, 49, 50, 49, 49, 56, 49, 
49, 49, 49, 50, 49, 49, 49, 49, 50, 56, 49, 49, 49, 49, 49, 49, 
49, 49, 49, 49, 56, 49, 49, 50, 49, 49, 49, 52, 53, 49, 49, 49, 
49, 49, 49, 50, 56, 49, 49, 49, 49, 49, 49, 49, 49, 49, 49, 52, 
53, 49, 56, 49, 52, 53, 49, 49, 49, 49, 49, 49, 49, 49, 49, 49, 
56, 52, 53, 49, 49, 49, 49, 49,
57, 58, 57, 57, 57, 57, 57, 57, 57, 57, 57, 58, 57, 57, 57, 57, 
57, 57, 57, 57, 57, 57, 58, 57, 57, 57, 57, 57, 57, 57, 57, 57, 
57, 58, 57, 57, 57, 57, 57, 57, 57, 57, 57, 57, 57, 57, 58, 57, 
57, 57, 57, 57, 57, 57, 57, 57, 57, 58, 57, 57, 57, 57, 57, 57, 
57, 57, 57, 57, 58, 57, 57, 57, 57, 57, 57, 57, 57, 57, 57, 57, 
57, 57, 57, 57, 58, 57, 57, 57, 57, 57, 57, 57, 57, 57, 57, 57, 
57, 57, 58, 57, 57, 57, 57, 57, 57, 57, 57, 57, 57, 57, 57, 57, 
58, 57, 57, 57, 57, 57, 57, 57,
49, 56, 49, 50, 49, 49, 49, 49, 49, 63, 49, 56, 49, 49, 49, 49, 
50, 49, 49, 49, 49, 49, 56, 49, 49, 49, 50, 49, 49, 49, 49, 49, 
49, 56, 49, 49, 49, 49, 49, 49, 49, 49, 49, 50, 49, 49, 56, 49, 
49, 49, 49, 49, 49, 49, 50, 49, 49, 56, 49, 49, 49, 49, 49, 49, 
49, 49, 49, 49, 56, 49, 49, 49, 49, 49, 49, 49, 49, 49, 49, 49, 
49, 49, 49, 49, 56, 49, 49, 49, 49, 49, 49, 49, 49, 49, 49, 49, 
49, 49, 56, 49, 49, 49, 49, 49, 49, 50, 49, 49, 49, 49, 49, 49, 
56, 49, 49, 49, 49, 49, 49, 49,
49, 56, 49, 49, 49, 50, 49, 49, 49, 49, 49, 56, 49, 49, 49, 49, 
49, 49, 49, 49, 49, 49, 56, 49, 49, 49, 49, 49, 49, 63, 49, 49, 
49, 56, 49, 49, 49, 50, 49, 49, 49, 49, 49, 49, 49, 49, 56, 49, 
49, 49, 49, 54, 55, 49, 49, 49, 49, 56, 49, 49, 49, 59, 60, 61, 
62, 49, 49, 49, 56, 49, 49, 49, 49, 49, 49, 63, 49, 49, 49, 49, 
49, 49, 49, 49, 56, 49, 49, 49, 49, 49, 49, 49, 51, 49, 49, 49, 
49, 49, 56, 54, 55, 49, 49, 49, 49, 49, 49, 49, 54, 55, 49, 49, 
56, 49, 49, 49, 49, 54, 55, 49
};

const short map1[9360] = {
9, 12, 9, 9, 9, 9, 13, 9, 9, 9, 9, 9, 12, 9, 9, 9, 
9, 13, 9, 9, 9, 9, 9, 9, 9, 9, 9, 9, 9, 9, 9, 9, 
9, 9, 9, 9, 9, 9, 9, 9, 9, 9, 9, 12, 9, 9, 9, 9, 
9, 9, 9, 9, 12, 9, 9, 9, 9, 12, 9, 9, 9, 9, 9, 9, 
9, 9, 9, 9, 12, 9, 9, 9, 12, 9, 9, 9, 9, 9, 9, 9, 
9, 9, 9, 9, 12, 9, 9, 9, 9, 9, 9, 12, 9, 9, 9, 12, 
9, 9, 9, 9, 9, 9, 43, 9, 9, 9, 9, 9, 9, 12, 9, 9, 
9, 9, 12, 9, 9, 9, 9, 9,
8, 0, 0, 0, 39, 40, 0, 39, 0, 0, 39, 0, 40, 39, 0, 0, 
11, 0, 0, 0, 0, 0, 0, 37, 0, 0, 6, 0, 6, 0, 0, 0, 
37, 0, 0, 6, 0, 0, 0, 10, 8, 0, 0, 37, 0, 0, 0, 0, 
0, 0, 0, 0, 0, 0, 0, 0, 0, 0, 0, 0, 0, 0, 0, 0, 
0, 37, 40, 0, 0, 0, 0, 0, 37, 0, 37, 0, 0, 0, 40, 10, 
8, 5, 37, 5, 11, 0, 0, 0, 0, 0, 0, 37, 40, 0, 11, 0, 
0, 37, 40, 0, 0, 0, 0, 0, 0, 0, 0, 0, 0, 37, 0, 0, 
0, 0, 0, 0, 0, 0, 0, 10,
8, 0, 0, 0, 0, 0, 0, 0, 0, 0, 0, 0, 0, 0, 0, 0, 
11, 0, 0, 0, 0, 0, 0, 37, 0, 0, 6, 0, 6, 0, 0, 0, 
37, 0, 0, 6, 0, 0, 0, 10, 8, 0, 0, 37, 0, 0, 0, 0, 
0, 0, 0, 0, 0, 0, 0, 0, 0, 0, 0, 0, 0, 0, 0, 0, 
0, 37, 0, 0, 0, 0, 0, 0, 37, 0, 37, 0, 0, 0, 0, 10, 
8, 5, 37, 5, 11, 0, 0, 0, 0, 0, 0, 37, 0, 0, 11, 0, 
0, 37, 0, 0, 0, 0, 0, 0, 0, 0, 0, 0, 0, 37, 0, 0, 
0, 0, 0, 0, 0, 37, 37, 10,
8, 0, 0, 0, 0, 0, 0, 0, 0, 0, 26, 0, 0, 0, 0, 0, 
11, 0, 0, 0, 0, 0, 0, 37, 0, 0, 6, 0, 7, 0, 0, 0, 
37, 0, 0, 7, 0, 0, 0, 10, 8, 0, 0, 36, 0, 0, 0, 1, 
3, 4, 3, 3, 3, 3, 3, 3, 3, 4, 3, 10, 8, 0, 0, 0, 
0, 36, 0, 0, 0, 20, 20, 0, 37, 0, 37, 4, 2, 3, 3, 10, 
8, 1, 37, 5, 11, 0, 0, 0, 0, 11, 0, 37, 0, 0, 11, 0, 
0, 37, 0, 0, 0, 0, 0, 0, 0, 0, 0, 0, 0, 37, 0, 0, 
0, 0, 0, 0, 0, 37, 0, 10,
8, 0, 0, 0, 0, 0, 41, 0, 27, 26, 27, 26, 0, 0, 0, 0, 
11, 0, 0, 0, 0, 0, 0, 37, 0, 0, 6, 0, 15, 14, 0, 0, 
37, 0, 15, 14, 0, 0, 0, 10, 8, 0, 0, 0, 0, 0, 0, 6, 
0, 0, 0, 0, 0, 0, 0, 0, 0, 0, 0, 10, 8, 0, 0, 0, 
0, 0, 0, 0, 0, 5, 5, 20, 37, 0, 37, 0, 5, 0, 0, 10, 
8, 5, 36, 5, 11, 0, 0, 0, 0, 11, 0, 36, 0, 0, 0, 0, 
0, 36, 0, 10, 8, 3, 14, 0, 0, 0, 0, 0, 0, 37, 0, 0, 
0, 0, 0, 0, 0, 37, 0, 10,
8, 0, 0, 0, 0, 0, 10, 12, 9, 13, 12, 9, 9, 13, 9, 12, 
8, 0, 0, 0, 0, 0, 0, 37, 0, 0, 6, 0, 0, 0, 0, 0, 
36, 0, 0, 0, 0, 0, 0, 10, 8, 0, 0, 0, 0, 0, 0, 7, 
0, 0, 0, 0, 0, 0, 0, 0, 0, 0, 0, 10, 8, 0, 15, 1, 
0, 0, 0, 0, 0, 6, 5, 5, 36, 0, 37, 0, 5, 0, 0, 10, 
8, 5, 0, 5, 11, 0, 0, 0, 0, 11, 0, 0, 0, 0, 0, 0, 
0, 0, 0, 10, 8, 0, 0, 0, 0, 0, 0, 0, 0, 36, 0, 0, 
0, 0, 0, 0, 0, 37, 0, 10,
8, 0, 0, 0, 0, 0, 19, 17, 17, 45, 18, 17, 44, 17, 18, 43, 
16, 0, 0, 0, 0, 0, 0, 36, 0, 0, 7, 0, 0, 0, 0, 0, 
0, 0, 0, 0, 0, 0, 15, 10, 8, 3, 3, 2, 3, 3, 3, 4, 
3, 3, 3, 3, 4, 1, 0, 0, 0, 0, 0, 10, 8, 0, 0, 5, 
0, 0, 0, 0, 0, 5, 5, 6, 0, 0, 37, 0, 6, 0, 15, 10, 
8, 5, 0, 2, 11, 0, 0, 0, 26, 11, 0, 0, 0, 0, 11, 0, 
0, 0, 0, 10, 8, 0, 0, 0, 0, 0, 0, 0, 0, 0, 0, 0, 
15, 2, 14, 0, 0, 36, 0, 10,
8, 28, 0, 0, 0, 0, 0, 0, 0, 0, 0, 0, 0, 0, 0, 0, 
0, 0, 0, 0, 0, 0, 0, 0, 0, 0, 15, 14, 0, 0, 0, 0, 
0, 0, 0, 0, 0, 0, 0, 10, 8, 0, 0, 5, 0, 0, 0, 0, 
0, 0, 0, 0, 0, 5, 0, 0, 0, 0, 0, 10, 8, 0, 0, 5, 
0, 0, 21, 21, 0, 5, 5, 5, 0, 0, 36, 0, 5, 0, 0, 10, 
8, 5, 0, 5, 11, 0, 0, 0, 27, 11, 0, 0, 0, 0, 11, 0, 
0, 0, 0, 10, 8, 0, 0, 0, 0, 15, 1, 14, 0, 0, 0, 0, 
0, 5, 0, 0, 0, 0, 0, 10,
8, 33, 32, 0, 0, 0, 0, 0, 0, 0, 0, 0, 0, 0, 0, 0, 
0, 0, 0, 0, 0, 0, 0, 0, 0, 0, 0, 0, 0, 0, 0, 0, 
0, 0, 0, 0, 0, 0, 0, 10, 8, 0, 0, 6, 0, 0, 0, 0, 
0, 0, 0, 0, 0, 7, 0, 0, 28, 0, 0, 10, 8, 0, 0, 6, 
0, 0, 6, 5, 0, 5, 6, 5, 0, 0, 0, 0, 5, 0, 0, 10, 
8, 5, 0, 5, 11, 0, 0, 0, 27, 11, 22, 22, 22, 22, 11, 22, 
22, 22, 22, 10, 8, 0, 0, 0, 0, 0, 5, 0, 0, 0, 0, 0, 
0, 6, 0, 0, 0, 0, 26, 10,
8, 35, 34, 0, 0, 0, 0, 0, 0, 0, 0, 0, 0, 0, 0, 0, 
0, 0, 0, 0, 0, 0, 1, 0, 0, 0, 0, 0, 0, 0, 0, 0, 
0, 0, 0, 0, 0, 0, 15, 10, 8, 0, 0, 5, 0, 0, 0, 0, 
0, 1, 3, 3, 3, 3, 4, 3, 3, 3, 3, 10, 8, 0, 0, 5, 
0, 0, 5, 6, 0, 5, 5, 5, 0, 0, 0, 0, 6, 0, 15, 10, 
8, 1, 0, 5, 11, 0, 0, 10, 9, 12, 9, 9, 9, 12, 9, 9, 
9, 9, 9, 12, 8, 0, 0, 0, 0, 0, 5, 0, 0, 0, 0, 0, 
0, 5, 0, 0, 0, 26, 26, 10,
8, 4, 3, 4, 3, 1, 20, 20, 20, 20, 20, 20, 20, 20, 20, 20, 
20, 0, 0, 0, 0, 0, 7, 0, 0, 0, 0, 0, 0, 0, 0, 0, 
0, 0, 0, 0, 0, 0, 0, 10, 8, 0, 0, 5, 0, 0, 0, 0, 
0, 5, 0, 0, 0, 0, 0, 0, 0, 0, 26, 10, 8, 0, 0, 5, 
0, 0, 5, 5, 0, 6, 5, 5, 0, 0, 0, 0, 5, 0, 0, 10, 
8, 5, 0, 5, 39, 0, 0, 0, 0, 0, 0, 0, 0, 0, 0, 0, 
0, 0, 0, 10, 8, 33, 32, 0, 0, 0, 6, 0, 0, 0, 0, 0, 
0, 5, 0, 0, 26, 27, 26, 10,
8, 0, 0, 0, 0, 7, 7, 7, 7, 7, 7, 7, 7, 7, 7, 7, 
7, 22, 22, 22, 22, 10, 8, 22, 22, 22, 22, 22, 22, 22, 22, 22, 
22, 22, 22, 22, 0, 0, 0, 10, 8, 0, 0, 7, 0, 28, 0, 0, 
0, 7, 0, 0, 0, 0, 0, 27, 0, 26, 26, 10, 8, 22, 0, 7, 
0, 0, 7, 7, 22, 7, 7, 7, 0, 0, 0, 0, 7, 0, 0, 10, 
8, 7, 0, 7, 0, 0, 0, 0, 0, 0, 0, 0, 0, 0, 0, 0, 
0, 0, 0, 10, 8, 35, 34, 0, 0, 0, 7, 0, 0, 0, 27, 0, 
0, 7, 0, 0, 26, 26, 27, 10,
12, 9, 12, 9, 9, 9, 12, 9, 9, 9, 9, 9, 12, 9, 9, 9, 
9, 12, 9, 9, 9, 12, 9, 9, 13, 9, 9, 12, 9, 9, 9, 9, 
13, 9, 12, 9, 8, 0, 0, 10, 8, 0, 0, 10, 9, 9, 9, 9, 
9, 9, 9, 9, 9, 9, 9, 9, 9, 9, 9, 9, 9, 9, 12, 9, 
9, 9, 9, 9, 12, 9, 9, 9, 9, 9, 12, 9, 8, 0, 0, 10, 
9, 12, 9, 9, 9, 9, 9, 9, 9, 9, 12, 9, 8, 0, 0, 0, 
0, 0, 10, 9, 9, 9, 9, 9, 9, 9, 9, 9, 9, 9, 9, 9, 
9, 9, 9, 9, 9, 9, 9, 9,
9, 12, 9, 9, 9, 9, 9, 12, 9, 9, 12, 9, 9, 9, 9, 9, 
12, 9, 9, 9, 9, 9, 9, 13, 9, 12, 9, 9, 12, 9, 9, 13, 
9, 9, 9, 9, 8, 0, 0, 10, 8, 0, 0, 11, 23, 23, 23, 23, 
23, 23, 23, 23, 23, 23, 23, 23, 23, 23, 23, 10, 9, 9, 9, 9, 
12, 9, 9, 9, 9, 9, 9, 12, 12, 9, 9, 9, 8, 0, 0, 10, 
9, 9, 9, 9, 12, 9, 9, 9, 12, 9, 9, 9, 8, 0, 0, 0, 
0, 0, 10, 9, 9, 9, 9, 12, 9, 9, 9, 9, 9, 9, 9, 12, 
9, 9, 9, 12, 9, 9, 12, 9,
12, 8, 33, 32, 33, 32, 33, 32, 0, 0, 0, 0, 0, 0, 0, 0, 
0, 40, 0, 10, 8, 17, 18, 17, 45, 45, 45, 17, 17, 18, 17, 44, 
17, 17, 44, 18, 16, 0, 0, 10, 8, 0, 0, 39, 0, 0, 0, 0, 
0, 0, 0, 0, 0, 0, 0, 0, 0, 0, 0, 10, 8, 17, 17, 18, 
17, 17, 44, 44, 45, 17, 17, 17, 18, 17, 44, 44, 16, 0, 0, 0, 
0, 0, 37, 0, 0, 0, 0, 0, 0, 37, 0, 0, 0, 0, 0, 0, 
0, 0, 0, 0, 40, 37, 0, 0, 0, 0, 37, 40, 0, 0, 0, 37, 
0, 0, 0, 0, 37, 0, 40, 10,
9, 8, 35, 44, 35, 34, 44, 34, 0, 0, 0, 0, 0, 0, 0, 0, 
0, 0, 0, 10, 8, 0, 0, 40, 0, 0, 0, 0, 0, 0, 0, 0, 
40, 0, 0, 0, 0, 0, 0, 10, 8, 27, 0, 0, 0, 0, 0, 0, 
0, 0, 0, 0, 0, 0, 0, 0, 0, 0, 0, 10, 8, 0, 0, 0, 
0, 39, 0, 0, 0, 39, 0, 40, 0, 39, 0, 0, 0, 0, 0, 0, 
0, 0, 37, 0, 0, 0, 0, 0, 0, 37, 0, 0, 0, 0, 0, 0, 
0, 0, 0, 0, 0, 37, 0, 0, 0, 0, 37, 0, 0, 0, 0, 37, 
0, 0, 0, 0, 37, 0, 0, 10,
8, 16, 0, 0, 0, 40, 0, 0, 0, 0, 0, 0, 0, 0, 0, 0, 
0, 0, 0, 10, 8, 0, 0, 41, 0, 0, 0, 0, 0, 0, 0, 0, 
0, 0, 0, 0, 0, 0, 15, 10, 8, 26, 0, 0, 0, 0, 0, 0, 
0, 0, 0, 0, 0, 0, 0, 0, 0, 0, 0, 10, 8, 0, 0, 0, 
0, 0, 0, 0, 0, 0, 0, 0, 0, 0, 0, 0, 0, 0, 28, 0, 
0, 0, 37, 0, 0, 0, 28, 0, 0, 37, 0, 0, 0, 0, 0, 0, 
0, 0, 0, 0, 0, 37, 0, 0, 0, 0, 37, 0, 0, 0, 0, 37, 
0, 0, 0, 0, 37, 0, 0, 10,
8, 0, 0, 0, 0, 0, 0, 0, 0, 0, 24, 11, 25, 0, 0, 0, 
0, 0, 0, 10, 8, 0, 0, 0, 0, 0, 0, 0, 0, 0, 0, 0, 
0, 0, 0, 0, 0, 0, 0, 10, 8, 26, 26, 0, 0, 0, 0, 0, 
0, 0, 0, 0, 0, 0, 0, 0, 0, 0, 0, 10, 8, 0, 0, 0, 
0, 0, 0, 0, 0, 0, 0, 0, 0, 0, 0, 0, 0, 0, 28, 0, 
0, 0, 36, 0, 0, 0, 28, 0, 0, 37, 0, 0, 0, 0, 0, 0, 
0, 0, 0, 0, 0, 36, 0, 0, 0, 0, 37, 0, 0, 0, 0, 36, 
0, 0, 0, 0, 36, 0, 0, 10,
8, 0, 0, 0, 0, 0, 0, 0, 0, 0, 24, 11, 25, 0, 0, 0, 
0, 0, 0, 19, 16, 0, 0, 21, 21, 21, 21, 2, 3, 3, 3, 1, 
20, 20, 20, 20, 1, 22, 22, 10, 9, 12, 9, 9, 9, 13, 9, 12, 
9, 9, 9, 12, 9, 9, 9, 8, 0, 0, 0, 10, 8, 0, 0, 0, 
20, 20, 20, 20, 20, 20, 20, 20, 20, 20, 20, 20, 20, 20, 11, 0, 
0, 0, 0, 0, 0, 0, 2, 14, 0, 37, 0, 15, 4, 3, 3, 2, 
4, 14, 0, 0, 0, 0, 0, 0, 0, 0, 36, 0, 0, 0, 0, 0, 
0, 0, 0, 0, 0, 0, 0, 10,
8, 0, 0, 1, 2, 1, 2, 1, 20, 20, 10, 9, 8, 21, 21, 21, 
8, 14, 0, 0, 0, 0, 0, 7, 7, 7, 7, 7, 26, 26, 0, 7, 
7, 7, 7, 7, 7, 10, 9, 9, 8, 40, 37, 40, 0, 19, 44, 17, 
17, 17, 45, 17, 17, 17, 44, 16, 0, 0, 0, 10, 8, 29, 0, 0, 
19, 45, 17, 18, 17, 43, 17, 18, 17, 44, 17, 17, 18, 45, 16, 0, 
0, 0, 0, 0, 0, 0, 5, 0, 0, 36, 0, 0, 0, 0, 0, 5, 
0, 0, 0, 0, 0, 0, 0, 4, 2, 0, 0, 0, 0, 0, 0, 0, 
0, 1, 0, 0, 0, 0, 0, 10,
8, 0, 0, 15, 3, 3, 3, 3, 3, 3, 3, 3, 3, 3, 3, 19, 
8, 0, 0, 0, 0, 0, 0, 15, 3, 2, 4, 3, 3, 3, 3, 3, 
4, 3, 1, 3, 3, 3, 14, 10, 8, 0, 37, 0, 0, 0, 0, 0, 
39, 40, 0, 0, 39, 0, 0, 40, 0, 33, 32, 10, 8, 0, 0, 0, 
0, 0, 0, 0, 40, 0, 0, 0, 0, 0, 40, 0, 0, 0, 40, 0, 
0, 0, 0, 0, 0, 0, 6, 0, 0, 0, 0, 0, 0, 0, 0, 6, 
0, 0, 0, 0, 0, 0, 0, 0, 5, 0, 0, 0, 0, 0, 0, 0, 
0, 6, 0, 0, 0, 0, 0, 10,
8, 0, 0, 0, 0, 0, 0, 0, 0, 0, 0, 0, 0, 0, 0, 10, 
8, 0, 0, 0, 0, 0, 0, 0, 0, 5, 0, 0, 0, 0, 0, 0, 
0, 0, 5, 0, 0, 0, 0, 10, 8, 0, 36, 0, 0, 0, 0, 0, 
0, 0, 0, 0, 0, 0, 0, 0, 0, 35, 34, 10, 8, 0, 0, 0, 
0, 0, 0, 0, 0, 0, 0, 0, 0, 0, 0, 0, 0, 0, 0, 0, 
0, 0, 0, 0, 0, 0, 5, 0, 0, 0, 0, 0, 0, 0, 0, 5, 
0, 0, 0, 0, 0, 0, 0, 0, 5, 0, 0, 0, 0, 0, 0, 0, 
0, 5, 0, 0, 0, 0, 0, 10,
8, 0, 0, 0, 0, 0, 1, 0, 0, 0, 0, 0, 0, 0, 0, 10, 
8, 14, 0, 0, 0, 0, 0, 0, 0, 6, 0, 0, 0, 0, 0, 0, 
0, 0, 6, 0, 0, 0, 0, 10, 8, 0, 0, 0, 0, 0, 0, 0, 
0, 0, 0, 0, 0, 0, 0, 0, 1, 33, 32, 10, 8, 28, 0, 0, 
0, 0, 0, 0, 0, 0, 0, 0, 0, 0, 0, 0, 0, 0, 0, 0, 
0, 4, 1, 4, 3, 4, 2, 3, 0, 0, 0, 0, 0, 0, 0, 5, 
0, 0, 0, 0, 0, 0, 0, 0, 6, 0, 26, 0, 0, 0, 0, 0, 
0, 5, 0, 0, 0, 0, 0, 10,
8, 0, 0, 0, 0, 0, 6, 0, 0, 0, 0, 0, 0, 0, 0, 10, 
8, 0, 0, 0, 0, 0, 0, 0, 0, 5, 0, 0, 0, 42, 0, 0, 
0, 0, 5, 0, 0, 26, 0, 10, 8, 0, 0, 0, 21, 21, 21, 21, 
21, 21, 21, 21, 21, 21, 21, 21, 6, 35, 34, 10, 8, 2, 21, 21, 
21, 21, 21, 21, 21, 21, 21, 21, 21, 21, 21, 21, 21, 21, 21, 0, 
0, 0, 6, 0, 0, 0, 5, 0, 0, 0, 0, 0, 0, 0, 0, 5, 
0, 0, 0, 0, 0, 0, 0, 0, 5, 27, 26, 26, 0, 0, 0, 0, 
0, 5, 0, 0, 0, 0, 0, 10,
8, 22, 22, 0, 0, 0, 7, 0, 0, 0, 0, 0, 0, 0, 0, 10, 
8, 0, 0, 10, 8, 22, 22, 22, 0, 7, 0, 0, 0, 0, 0, 0, 
0, 0, 7, 0, 26, 27, 26, 10, 8, 0, 0, 0, 7, 7, 7, 7, 
7, 7, 7, 7, 7, 7, 7, 7, 7, 19, 16, 10, 8, 7, 7, 7, 
7, 7, 7, 7, 7, 7, 7, 7, 7, 7, 7, 7, 7, 7, 7, 0, 
0, 0, 5, 0, 0, 0, 6, 0, 22, 22, 22, 22, 0, 0, 0, 7, 
0, 0, 0, 0, 0, 27, 0, 26, 26, 26, 26, 26, 27, 26, 0, 0, 
0, 7, 0, 0, 0, 0, 27, 10,
9, 9, 9, 9, 12, 9, 9, 9, 9, 12, 9, 9, 8, 0, 0, 10, 
9, 9, 9, 9, 9, 9, 9, 9, 9, 9, 9, 9, 9, 9, 9, 9, 
9, 9, 9, 9, 9, 9, 9, 9, 9, 9, 9, 9, 9, 9, 12, 9, 
9, 9, 9, 12, 9, 9, 9, 9, 9, 9, 9, 9, 9, 12, 9, 9, 
9, 9, 9, 9, 12, 9, 9, 9, 9, 9, 9, 12, 9, 9, 9, 12, 
9, 9, 9, 9, 12, 9, 9, 9, 9, 9, 9, 9, 9, 9, 9, 9, 
12, 9, 9, 9, 9, 12, 9, 9, 9, 9, 9, 9, 9, 9, 12, 9, 
9, 8, 0, 0, 0, 0, 26, 10,
9, 9, 12, 9, 9, 9, 9, 12, 9, 9, 9, 9, 8, 0, 0, 10, 
12, 9, 9, 9, 9, 9, 9, 9, 12, 9, 9, 12, 9, 9, 13, 9, 
9, 9, 9, 9, 12, 9, 9, 9, 9, 9, 9, 9, 9, 9, 9, 9, 
9, 12, 9, 9, 9, 9, 9, 9, 9, 9, 9, 9, 9, 9, 9, 9, 
9, 9, 9, 9, 9, 9, 9, 9, 13, 9, 9, 9, 13, 9, 9, 9, 
9, 9, 13, 9, 9, 13, 9, 9, 9, 13, 13, 9, 12, 9, 9, 9, 
9, 9, 12, 9, 9, 9, 9, 9, 12, 9, 9, 9, 12, 9, 9, 9, 
9, 8, 0, 0, 0, 0, 26, 10,
8, 0, 0, 0, 0, 0, 0, 0, 0, 0, 0, 0, 0, 0, 0, 0, 
0, 0, 0, 10, 8, 0, 0, 10, 9, 12, 9, 9, 9, 8, 37, 10, 
9, 9, 9, 12, 9, 8, 0, 0, 0, 0, 37, 0, 40, 0, 0, 37, 
0, 40, 0, 0, 37, 0, 0, 19, 44, 16, 0, 0, 0, 11, 23, 23, 
23, 23, 23, 23, 23, 23, 23, 23, 23, 23, 23, 23, 23, 23, 23, 23, 
23, 23, 23, 23, 23, 23, 23, 23, 23, 23, 23, 23, 23, 23, 23, 0, 
0, 0, 0, 0, 0, 0, 0, 37, 0, 40, 37, 0, 0, 37, 0, 40, 
0, 11, 0, 0, 0, 26, 26, 10,
8, 0, 0, 0, 0, 0, 0, 0, 0, 0, 0, 0, 0, 0, 0, 0, 
41, 33, 32, 10, 8, 0, 0, 10, 9, 9, 13, 9, 12, 8, 37, 10, 
12, 9, 9, 9, 13, 8, 0, 0, 0, 0, 36, 0, 0, 0, 0, 36, 
0, 0, 0, 0, 36, 0, 0, 40, 0, 0, 0, 0, 0, 11, 0, 0, 
0, 0, 0, 0, 0, 0, 0, 0, 0, 0, 0, 0, 0, 0, 0, 0, 
0, 0, 0, 0, 0, 0, 0, 0, 0, 0, 0, 0, 0, 0, 0, 0, 
0, 0, 0, 0, 0, 0, 0, 37, 0, 0, 37, 0, 0, 37, 0, 0, 
0, 11, 0, 0, 0, 26, 26, 10,
8, 0, 0, 0, 0, 0, 0, 0, 0, 0, 0, 0, 0, 0, 0, 0, 
28, 35, 34, 10, 8, 0, 0, 1, 43, 17, 44, 18, 45, 16, 37, 19, 
45, 18, 44, 17, 43, 2, 0, 0, 0, 0, 0, 0, 0, 0, 0, 0, 
0, 0, 0, 0, 0, 0, 0, 0, 0, 0, 0, 0, 0, 11, 0, 0, 
0, 0, 0, 0, 0, 0, 0, 0, 0, 0, 0, 0, 0, 0, 0, 0, 
0, 0, 0, 0, 0, 0, 0, 0, 0, 0, 0, 0, 0, 0, 0, 0, 
0, 0, 0, 0, 0, 0, 0, 37, 0, 0, 37, 0, 0, 37, 0, 0, 
0, 0, 0, 0, 27, 26, 27, 10,
8, 0, 0, 0, 0, 0, 0, 10, 9, 9, 9, 9, 12, 9, 13, 9, 
9, 12, 9, 9, 8, 0, 0, 5, 0, 0, 0, 0, 0, 0, 36, 40, 
0, 0, 0, 0, 0, 6, 0, 0, 0, 0, 0, 0, 0, 0, 0, 0, 
0, 0, 0, 0, 0, 0, 0, 0, 0, 0, 0, 0, 0, 11, 0, 41, 
42, 0, 0, 0, 0, 0, 0, 0, 0, 0, 0, 0, 0, 0, 0, 0, 
0, 0, 0, 0, 0, 0, 0, 0, 0, 0, 0, 0, 0, 0, 0, 0, 
33, 32, 0, 0, 0, 0, 0, 36, 0, 0, 36, 0, 0, 36, 0, 10, 
9, 9, 12, 9, 9, 12, 9, 12,
8, 0, 0, 0, 0, 0, 0, 0, 0, 39, 40, 0, 0, 39, 0, 0, 
0, 39, 0, 0, 0, 0, 0, 6, 0, 0, 0, 0, 0, 0, 0, 0, 
0, 0, 0, 0, 0, 5, 0, 0, 0, 0, 0, 0, 0, 0, 0, 0, 
0, 0, 0, 0, 0, 15, 3, 3, 11, 0, 0, 0, 0, 11, 0, 0, 
0, 0, 0, 0, 0, 0, 0, 0, 0, 0, 0, 0, 0, 0, 0, 0, 
0, 0, 0, 0, 0, 0, 0, 0, 0, 0, 0, 0, 0, 0, 0, 0, 
35, 34, 0, 0, 0, 0, 0, 0, 0, 0, 0, 0, 0, 0, 0, 0, 
40, 0, 39, 0, 0, 0, 0, 10,
8, 0, 0, 0, 0, 0, 0, 0, 0, 0, 0, 0, 0, 0, 0, 0, 
0, 0, 0, 0, 0, 0, 0, 7, 0, 0, 0, 0, 0, 0, 0, 0, 
0, 0, 0, 0, 0, 7, 0, 0, 0, 0, 0, 0, 0, 0, 0, 0, 
0, 0, 0, 0, 0, 0, 0, 0, 11, 0, 0, 0, 0, 11, 20, 20, 
1, 2, 21, 21, 21, 21, 21, 1, 1, 20, 20, 20, 1, 1, 21, 21, 
4, 1, 14, 0, 0, 0, 0, 0, 0, 0, 0, 0, 0, 0, 0, 0, 
33, 32, 33, 32, 33, 32, 0, 0, 0, 0, 0, 0, 0, 0, 0, 0, 
0, 0, 0, 0, 0, 0, 0, 10,
8, 0, 0, 0, 0, 42, 0, 0, 0, 0, 0, 0, 0, 0, 0, 0, 
0, 0, 0, 0, 0, 0, 0, 2, 3, 4, 3, 3, 4, 4, 3, 4, 
3, 4, 3, 3, 3, 1, 0, 0, 0, 0, 0, 0, 0, 0, 0, 0, 
0, 0, 0, 0, 0, 0, 0, 0, 11, 0, 0, 0, 0, 10, 9, 9, 
13, 9, 9, 9, 9, 9, 9, 9, 12, 9, 9, 9, 9, 12, 9, 12, 
9, 9, 0, 0, 0, 0, 0, 27, 0, 0, 0, 0, 0, 0, 0, 0, 
35, 34, 35, 34, 35, 34, 0, 0, 0, 0, 0, 0, 0, 0, 0, 0, 
0, 0, 0, 0, 0, 0, 0, 10,
8, 0, 0, 0, 0, 0, 0, 0, 0, 0, 0, 0, 0, 0, 0, 0, 
0, 0, 0, 0, 0, 0, 0, 5, 0, 0, 0, 0, 0, 0, 0, 0, 
0, 0, 0, 0, 0, 5, 0, 0, 0, 0, 0, 0, 0, 0, 0, 0, 
0, 0, 0, 0, 0, 0, 0, 0, 11, 0, 0, 0, 0, 0, 39, 0, 
0, 39, 0, 0, 39, 40, 0, 39, 0, 0, 39, 0, 40, 39, 0, 0, 
0, 5, 0, 0, 0, 0, 0, 26, 0, 0, 0, 0, 0, 0, 0, 0, 
33, 32, 33, 32, 33, 32, 33, 32, 0, 0, 0, 0, 0, 0, 0, 0, 
0, 0, 0, 0, 0, 0, 0, 10,
9, 9, 9, 12, 9, 8, 0, 0, 0, 0, 0, 0, 0, 26, 0, 0, 
0, 0, 0, 0, 0, 0, 0, 6, 0, 0, 0, 0, 0, 0, 0, 0, 
0, 0, 0, 0, 0, 5, 0, 0, 0, 0, 0, 0, 0, 0, 0, 0, 
0, 0, 0, 0, 0, 0, 0, 0, 11, 0, 0, 0, 0, 0, 0, 0, 
0, 0, 0, 0, 0, 0, 0, 0, 0, 0, 0, 0, 0, 0, 0, 0, 
0, 6, 0, 0, 0, 0, 0, 27, 26, 0, 0, 0, 0, 0, 0, 0, 
35, 34, 35, 34, 35, 34, 35, 34, 0, 0, 0, 28, 0, 0, 0, 0, 
0, 0, 0, 0, 0, 0, 0, 10,
8, 0, 39, 40, 0, 11, 0, 0, 0, 0, 0, 0, 0, 27, 26, 0, 
0, 0, 0, 0, 0, 0, 0, 5, 0, 0, 0, 0, 0, 0, 0, 0, 
0, 0, 0, 0, 0, 6, 0, 0, 0, 0, 0, 0, 0, 0, 0, 0, 
0, 0, 0, 0, 0, 0, 0, 0, 11, 0, 0, 0, 0, 0, 0, 0, 
0, 0, 0, 0, 0, 0, 0, 0, 0, 0, 0, 0, 0, 0, 0, 0, 
0, 5, 0, 0, 0, 27, 26, 26, 27, 0, 27, 0, 0, 0, 0, 0, 
33, 32, 33, 32, 33, 32, 33, 32, 0, 0, 33, 32, 0, 0, 0, 0, 
0, 0, 0, 0, 0, 0, 0, 10,
8, 0, 0, 0, 0, 0, 0, 0, 0, 0, 0, 26, 27, 27, 26, 26, 
27, 26, 0, 0, 0, 0, 0, 7, 0, 0, 0, 0, 0, 0, 0, 0, 
0, 0, 0, 0, 0, 7, 0, 0, 0, 11, 22, 22, 22, 22, 22, 22, 
22, 22, 22, 22, 22, 22, 22, 22, 11, 0, 0, 0, 0, 0, 0, 0, 
0, 0, 0, 0, 0, 0, 0, 0, 0, 0, 0, 0, 0, 0, 0, 0, 
0, 7, 0, 0, 27, 26, 26, 26, 26, 26, 26, 26, 22, 22, 22, 22, 
35, 34, 35, 34, 35, 34, 35, 34, 22, 22, 35, 34, 22, 22, 22, 22, 
22, 22, 22, 22, 22, 22, 22, 10,
8, 0, 15, 3, 3, 10, 9, 13, 9, 9, 9, 9, 9, 9, 9, 9, 
13, 9, 9, 9, 9, 9, 12, 9, 9, 9, 9, 9, 9, 9, 12, 9, 
13, 9, 12, 9, 9, 9, 9, 9, 9, 9, 9, 9, 9, 9, 9, 9, 
9, 12, 9, 9, 9, 9, 9, 9, 9, 9, 9, 9, 8, 0, 0, 0, 
0, 0, 0, 0, 0, 0, 0, 0, 0, 0, 0, 0, 0, 0, 0, 10, 
9, 9, 9, 9, 9, 12, 9, 9, 9, 9, 9, 12, 9, 9, 9, 9, 
9, 9, 12, 9, 9, 9, 12, 9, 9, 9, 9, 9, 9, 9, 12, 9, 
9, 9, 9, 12, 9, 9, 12, 9,
8, 0, 0, 0, 0, 10, 9, 9, 9, 9, 9, 9, 9, 9, 9, 9, 
9, 9, 9, 9, 9, 9, 9, 9, 9, 9, 12, 9, 9, 12, 9, 9, 
9, 9, 12, 9, 9, 9, 12, 9, 9, 9, 9, 9, 9, 9, 12, 9, 
9, 9, 9, 9, 9, 9, 9, 9, 9, 9, 9, 10, 8, 0, 0, 0, 
0, 0, 0, 0, 0, 0, 0, 0, 0, 0, 0, 0, 0, 0, 0, 10, 
9, 9, 12, 9, 9, 9, 9, 9, 9, 9, 9, 9, 12, 9, 9, 12, 
9, 9, 9, 9, 9, 12, 9, 9, 9, 9, 9, 9, 9, 9, 9, 12, 
9, 9, 9, 12, 9, 9, 9, 9,
8, 0, 0, 11, 0, 40, 0, 0, 40, 37, 0, 0, 5, 0, 40, 37, 
0, 40, 6, 0, 0, 0, 37, 0, 40, 5, 0, 0, 5, 0, 37, 0, 
0, 6, 0, 0, 0, 5, 0, 0, 6, 0, 0, 37, 0, 6, 0, 0, 
5, 0, 0, 0, 0, 37, 0, 0, 5, 0, 0, 10, 8, 4, 3, 1, 
14, 0, 0, 0, 0, 0, 0, 0, 0, 0, 0, 0, 0, 0, 0, 10, 
8, 0, 0, 0, 37, 40, 0, 0, 37, 0, 0, 0, 37, 40, 0, 0, 
37, 0, 40, 0, 0, 40, 0, 0, 40, 0, 37, 0, 0, 0, 37, 0, 
0, 40, 37, 0, 0, 37, 40, 8,
8, 0, 0, 10, 8, 0, 0, 0, 0, 37, 0, 0, 6, 0, 0, 37, 
0, 0, 5, 0, 0, 0, 37, 0, 0, 6, 0, 0, 5, 0, 37, 0, 
0, 5, 0, 0, 0, 6, 0, 0, 5, 0, 0, 37, 0, 5, 0, 0, 
6, 0, 0, 0, 0, 37, 0, 0, 5, 0, 0, 10, 8, 0, 0, 5, 
0, 0, 0, 0, 0, 0, 0, 0, 0, 0, 0, 0, 0, 0, 0, 10, 
8, 0, 0, 0, 37, 0, 0, 0, 37, 0, 0, 0, 37, 0, 0, 0, 
37, 0, 0, 0, 0, 0, 0, 0, 0, 0, 37, 0, 0, 0, 37, 0, 
0, 0, 37, 0, 0, 37, 0, 8,
8, 0, 0, 0, 11, 0, 0, 0, 0, 37, 0, 0, 7, 0, 0, 37, 
0, 0, 5, 0, 0, 0, 36, 0, 0, 5, 0, 0, 5, 0, 37, 0, 
0, 5, 0, 0, 0, 7, 0, 0, 7, 0, 0, 37, 0, 5, 0, 0, 
5, 0, 0, 0, 0, 37, 0, 0, 6, 0, 0, 10, 8, 0, 0, 6, 
0, 0, 0, 0, 0, 0, 0, 0, 0, 0, 0, 0, 0, 42, 0, 10, 
8, 0, 0, 0, 37, 0, 0, 0, 36, 0, 0, 0, 37, 0, 0, 0, 
37, 0, 0, 0, 0, 0, 0, 0, 0, 0, 37, 0, 0, 0, 37, 0, 
0, 0, 37, 0, 0, 37, 0, 8,
8, 0, 0, 0, 10, 9, 9, 8, 0, 37, 0, 15, 3, 14, 0, 36, 
0, 0, 7, 0, 0, 0, 0, 0, 0, 5, 0, 0, 6, 0, 36, 0, 
0, 5, 0, 0, 15, 3, 3, 3, 3, 14, 0, 37, 0, 6, 0, 0, 
7, 0, 0, 0, 0, 36, 0, 0, 5, 0, 0, 10, 8, 0, 0, 7, 
0, 0, 0, 0, 0, 0, 0, 0, 0, 0, 0, 0, 0, 0, 0, 10, 
8, 0, 0, 0, 37, 0, 0, 0, 0, 0, 0, 0, 37, 0, 0, 0, 
36, 0, 0, 0, 0, 0, 0, 0, 0, 0, 37, 0, 11, 0, 37, 0, 
0, 0, 37, 0, 0, 36, 0, 8,
8, 0, 0, 0, 11, 0, 0, 39, 0, 37, 0, 0, 0, 0, 0, 0, 
0, 15, 3, 3, 14, 0, 0, 0, 0, 7, 0, 0, 7, 0, 0, 0, 
0, 6, 0, 0, 0, 0, 0, 0, 0, 0, 0, 36, 0, 5, 0, 15, 
3, 3, 3, 14, 0, 0, 0, 0, 5, 0, 0, 10, 8, 3, 4, 3, 
4, 3, 3, 2, 14, 0, 0, 0, 0, 0, 15, 3, 3, 3, 3, 10, 
8, 0, 0, 0, 36, 0, 0, 0, 0, 0, 0, 0, 37, 0, 0, 0, 
0, 0, 0, 0, 0, 0, 0, 0, 0, 0, 37, 0, 11, 0, 37, 0, 
0, 0, 37, 0, 0, 0, 0, 8,
8, 0, 0, 0, 11, 0, 0, 0, 0, 36, 0, 0, 0, 0, 0, 0, 
0, 0, 0, 0, 0, 0, 0, 0, 15, 3, 3, 3, 3, 14, 0, 0, 
0, 5, 0, 0, 0, 0, 0, 0, 0, 0, 0, 0, 0, 7, 0, 0, 
0, 0, 0, 0, 0, 0, 0, 0, 5, 0, 0, 10, 8, 0, 0, 0, 
0, 0, 0, 5, 0, 0, 0, 0, 0, 0, 0, 0, 0, 0, 0, 10, 
8, 0, 0, 0, 0, 0, 0, 0, 0, 0, 0, 0, 36, 0, 0, 0, 
0, 0, 0, 0, 0, 0, 0, 0, 11, 0, 37, 0, 11, 0, 36, 0, 
11, 0, 37, 0, 0, 0, 0, 8,
8, 0, 0, 0, 11, 0, 0, 0, 0, 0, 0, 0, 0, 0, 0, 0, 
0, 0, 0, 0, 0, 0, 0, 0, 0, 0, 0, 0, 0, 0, 0, 0, 
0, 7, 0, 0, 0, 0, 0, 0, 0, 0, 0, 0, 15, 14, 0, 0, 
0, 0, 0, 0, 0, 0, 0, 0, 7, 0, 0, 10, 8, 0, 0, 0, 
0, 41, 0, 6, 0, 0, 0, 0, 0, 0, 0, 0, 0, 0, 0, 10, 
8, 4, 14, 0, 0, 0, 0, 0, 0, 0, 0, 0, 0, 0, 0, 0, 
0, 0, 0, 10, 8, 0, 0, 0, 11, 0, 36, 0, 11, 0, 0, 0, 
11, 0, 36, 0, 0, 0, 0, 8,
8, 0, 0, 0, 11, 0, 0, 0, 0, 0, 0, 0, 0, 0, 0, 0, 
0, 0, 0, 0, 0, 0, 0, 0, 0, 0, 0, 0, 0, 0, 0, 0, 
15, 3, 14, 0, 0, 0, 0, 0, 0, 0, 0, 0, 0, 0, 0, 0, 
0, 0, 0, 15, 3, 3, 3, 3, 14, 0, 0, 10, 8, 0, 0, 0, 
0, 0, 0, 7, 0, 0, 0, 22, 22, 0, 0, 0, 0, 0, 0, 10, 
8, 0, 0, 0, 0, 0, 0, 0, 0, 0, 0, 0, 0, 0, 0, 0, 
0, 0, 0, 10, 8, 0, 0, 0, 11, 0, 0, 0, 11, 0, 0, 0, 
11, 0, 0, 0, 0, 0, 0, 8,
8, 0, 0, 0, 11, 25, 0, 0, 0, 0, 0, 0, 0, 0, 0, 0, 
0, 0, 0, 0, 0, 0, 0, 0, 0, 0, 0, 0, 0, 0, 0, 0, 
0, 0, 0, 0, 0, 0, 0, 0, 0, 0, 0, 0, 0, 0, 0, 0, 
0, 0, 0, 0, 0, 0, 0, 0, 0, 0, 0, 10, 8, 4, 3, 3, 
4, 3, 3, 3, 3, 4, 3, 1, 14, 0, 0, 0, 0, 0, 0, 10, 
8, 0, 0, 0, 0, 0, 0, 0, 0, 0, 0, 0, 0, 0, 0, 0, 
0, 0, 0, 10, 8, 28, 0, 0, 39, 0, 0, 0, 11, 0, 0, 0, 
39, 0, 0, 0, 15, 3, 3, 8,
8, 0, 0, 0, 11, 25, 0, 0, 0, 0, 0, 0, 0, 0, 0, 0, 
0, 0, 0, 0, 0, 0, 0, 0, 0, 0, 0, 0, 0, 0, 0, 0, 
0, 0, 0, 0, 0, 0, 0, 0, 0, 0, 0, 0, 0, 0, 0, 0, 
0, 0, 0, 0, 0, 26, 0, 0, 0, 0, 0, 10, 8, 0, 0, 0, 
0, 0, 0, 0, 0, 0, 0, 6, 0, 0, 0, 0, 0, 0, 0, 10, 
8, 14, 0, 0, 0, 0, 0, 0, 0, 0, 0, 0, 0, 0, 0, 0, 
0, 0, 0, 10, 8, 33, 32, 0, 0, 0, 0, 0, 11, 0, 0, 0, 
0, 0, 0, 0, 0, 0, 0, 8,
8, 0, 0, 0, 10, 8, 21, 21, 21, 21, 21, 21, 21, 21, 21, 21, 
21, 21, 21, 21, 21, 21, 21, 21, 21, 21, 21, 21, 21, 21, 21, 21, 
21, 21, 21, 21, 21, 21, 21, 21, 21, 21, 21, 21, 21, 21, 21, 21, 
21, 21, 21, 21, 21, 26, 0, 0, 0, 0, 0, 10, 8, 0, 0, 0, 
0, 27, 0, 0, 0, 0, 0, 5, 0, 0, 0, 26, 0, 0, 0, 10, 
8, 0, 0, 0, 22, 22, 22, 22, 22, 22, 22, 22, 22, 22, 22, 22, 
22, 22, 22, 10, 8, 35, 34, 22, 22, 22, 22, 22, 11, 22, 22, 22, 
22, 22, 0, 0, 0, 0, 0, 8,
8, 0, 0, 0, 10, 9, 9, 9, 9, 9, 9, 9, 9, 9, 9, 9, 
9, 9, 9, 9, 9, 9, 12, 9, 9, 9, 9, 9, 9, 9, 9, 12, 
9, 9, 9, 9, 9, 9, 9, 9, 9, 9, 9, 9, 9, 9, 12, 9, 
9, 9, 9, 9, 9, 9, 8, 0, 0, 0, 0, 10, 8, 0, 0, 0, 
27, 26, 26, 0, 0, 0, 0, 5, 0, 0, 0, 27, 0, 0, 0, 10, 
8, 0, 0, 10, 9, 9, 9, 12, 9, 9, 9, 9, 9, 9, 9, 12, 
9, 9, 9, 9, 9, 9, 12, 9, 9, 9, 9, 9, 9, 9, 9, 9, 
12, 9, 9, 8, 0, 0, 0, 8,
8, 0, 0, 0, 10, 9, 9, 9, 9, 9, 9, 9, 9, 9, 9, 9, 
9, 9, 9, 9, 9, 9, 9, 9, 12, 9, 9, 9, 9, 9, 9, 9, 
9, 9, 12, 9, 9, 9, 9, 9, 9, 9, 9, 12, 9, 9, 9, 9, 
9, 9, 9, 9, 9, 9, 8, 0, 0, 0, 0, 10, 8, 0, 0, 0, 
26, 27, 26, 0, 0, 0, 0, 6, 0, 0, 0, 26, 0, 0, 0, 10, 
8, 0, 0, 10, 12, 9, 9, 9, 9, 9, 12, 9, 9, 9, 9, 9, 
9, 9, 9, 9, 12, 9, 9, 9, 9, 9, 9, 9, 12, 9, 9, 9, 
9, 9, 9, 8, 0, 0, 0, 8,
8, 0, 0, 0, 11, 0, 0, 0, 0, 0, 0, 0, 0, 0, 0, 0, 
0, 0, 0, 10, 8, 0, 0, 0, 0, 0, 0, 37, 40, 0, 11, 0, 
40, 37, 0, 0, 0, 0, 0, 0, 0, 0, 0, 0, 0, 0, 0, 0, 
0, 0, 23, 23, 0, 0, 0, 0, 0, 0, 0, 10, 8, 0, 27, 0, 
26, 26, 27, 26, 0, 0, 0, 5, 0, 0, 26, 26, 26, 0, 0, 10, 
8, 0, 0, 0, 23, 23, 23, 23, 23, 23, 23, 23, 23, 23, 23, 23, 
23, 23, 23, 23, 23, 23, 23, 23, 23, 23, 23, 23, 23, 23, 23, 23, 
23, 23, 0, 0, 0, 0, 0, 8,
8, 0, 0, 0, 11, 0, 0, 0, 0, 0, 0, 0, 0, 0, 0, 0, 
0, 0, 0, 10, 8, 0, 0, 0, 0, 0, 0, 36, 0, 0, 11, 0, 
0, 36, 0, 0, 0, 0, 0, 0, 0, 0, 0, 0, 0, 0, 0, 0, 
0, 0, 0, 0, 0, 0, 0, 0, 0, 0, 0, 10, 8, 26, 26, 26, 
27, 26, 26, 26, 0, 0, 0, 5, 0, 26, 26, 27, 26, 26, 27, 10, 
8, 0, 0, 0, 0, 0, 0, 0, 0, 0, 0, 0, 0, 0, 0, 0, 
0, 0, 0, 0, 0, 0, 0, 0, 0, 0, 0, 0, 0, 0, 0, 0, 
0, 0, 0, 0, 0, 28, 0, 8,
8, 0, 0, 0, 11, 0, 0, 0, 0, 0, 0, 0, 0, 0, 11, 0, 
0, 0, 0, 10, 8, 0, 0, 0, 0, 11, 0, 0, 0, 0, 11, 0, 
0, 0, 0, 11, 0, 0, 0, 0, 0, 0, 0, 0, 0, 0, 0, 0, 
0, 0, 0, 0, 0, 1, 3, 3, 3, 4, 3, 10, 9, 9, 12, 9, 
9, 12, 9, 9, 8, 0, 0, 5, 0, 10, 9, 12, 9, 9, 9, 9, 
8, 0, 0, 0, 0, 0, 0, 0, 0, 0, 0, 0, 0, 0, 0, 0, 
0, 0, 0, 0, 0, 0, 0, 0, 0, 0, 0, 0, 0, 0, 0, 0, 
0, 2, 3, 3, 3, 3, 3, 8,
8, 0, 0, 0, 11, 0, 0, 0, 0, 0, 0, 0, 0, 0, 11, 0, 
0, 0, 0, 0, 0, 0, 0, 0, 0, 11, 0, 0, 0, 0, 39, 0, 
0, 0, 0, 11, 0, 0, 0, 0, 0, 0, 0, 0, 0, 0, 0, 0, 
0, 0, 0, 0, 0, 6, 0, 0, 0, 0, 0, 10, 8, 0, 0, 37, 
0, 0, 37, 0, 0, 0, 0, 6, 0, 0, 0, 0, 0, 0, 0, 10, 
8, 0, 0, 0, 0, 0, 0, 0, 0, 0, 0, 0, 0, 0, 0, 0, 
0, 0, 0, 0, 0, 0, 0, 0, 0, 0, 0, 0, 0, 0, 0, 0, 
0, 5, 0, 0, 0, 0, 0, 8,
8, 0, 0, 0, 11, 0, 0, 0, 0, 0, 0, 0, 0, 0, 11, 0, 
0, 0, 0, 0, 0, 0, 0, 0, 22, 11, 22, 22, 0, 0, 0, 0, 
21, 21, 21, 11, 0, 0, 0, 0, 0, 0, 0, 0, 0, 0, 0, 0, 
0, 22, 22, 0, 0, 7, 0, 0, 0, 0, 0, 10, 8, 0, 0, 37, 
0, 0, 37, 0, 0, 0, 0, 7, 0, 0, 0, 0, 0, 0, 0, 10, 
8, 0, 0, 0, 0, 0, 0, 0, 0, 0, 0, 0, 0, 0, 0, 0, 
0, 0, 0, 0, 0, 0, 0, 0, 0, 0, 0, 0, 0, 0, 0, 0, 
0, 7, 0, 0, 0, 0, 0, 8,
8, 0, 0, 0, 11, 0, 0, 0, 10, 9, 9, 9, 9, 9, 9, 9, 
9, 9, 9, 9, 9, 9, 9, 9, 9, 9, 9, 9, 9, 9, 9, 9, 
9, 9, 9, 9, 9, 9, 9, 9, 9, 9, 9, 9, 9, 9, 9, 12, 
9, 9, 9, 9, 9, 9, 9, 8, 0, 0, 0, 10, 8, 0, 0, 37, 
0, 0, 37, 0, 15, 3, 3, 3, 4, 3, 14, 0, 0, 0, 0, 10, 
8, 3, 4, 3, 3, 3, 2, 3, 3, 3, 3, 4, 3, 3, 1, 3, 
3, 3, 3, 3, 3, 3, 3, 4, 3, 3, 3, 3, 3, 3, 3, 3, 
3, 2, 0, 0, 0, 0, 0, 8,
8, 0, 0, 0, 11, 0, 0, 0, 0, 0, 0, 0, 37, 0, 0, 0, 
0, 37, 0, 0, 0, 0, 37, 0, 0, 0, 0, 37, 0, 0, 0, 0, 
37, 0, 0, 0, 0, 37, 0, 0, 0, 0, 37, 0, 0, 0, 0, 37, 
0, 23, 23, 0, 37, 0, 0, 0, 0, 0, 0, 10, 8, 0, 0, 36, 
0, 0, 36, 0, 0, 0, 0, 0, 0, 0, 0, 0, 0, 0, 28, 10, 
8, 0, 0, 0, 0, 0, 5, 0, 0, 0, 0, 0, 0, 0, 5, 0, 
0, 0, 0, 0, 0, 0, 0, 0, 0, 0, 0, 0, 0, 0, 0, 0, 
0, 5, 0, 0, 0, 0, 0, 8,
8, 0, 0, 0, 11, 28, 0, 0, 0, 0, 0, 0, 36, 0, 0, 0, 
0, 36, 0, 0, 0, 0, 36, 0, 0, 0, 0, 36, 0, 0, 0, 0, 
36, 0, 0, 0, 0, 36, 0, 0, 0, 0, 36, 0, 0, 0, 0, 36, 
0, 0, 0, 0, 36, 0, 0, 0, 0, 0, 0, 10, 8, 0, 0, 0, 
0, 0, 0, 0, 0, 0, 0, 0, 0, 0, 0, 0, 0, 28, 28, 10, 
8, 0, 0, 0, 0, 0, 5, 0, 0, 0, 0, 0, 0, 0, 5, 0, 
0, 0, 0, 0, 0, 0, 0, 0, 0, 0, 0, 0, 0, 0, 0, 0, 
0, 5, 0, 0, 0, 0, 0, 8,
8, 0, 0, 0, 11, 3, 3, 4, 3, 1, 0, 0, 0, 0, 0, 0, 
0, 0, 0, 0, 0, 0, 0, 0, 0, 0, 0, 0, 0, 0, 0, 0, 
0, 0, 0, 0, 0, 0, 0, 0, 0, 0, 0, 0, 0, 0, 0, 0, 
0, 0, 0, 0, 0, 0, 0, 0, 0, 0, 0, 10, 8, 0, 0, 0, 
0, 0, 0, 0, 0, 0, 0, 0, 0, 0, 0, 10, 9, 12, 9, 9, 
8, 0, 0, 0, 0, 0, 6, 0, 0, 0, 0, 0, 0, 0, 5, 0, 
0, 0, 0, 0, 0, 15, 1, 3, 3, 3, 3, 3, 2, 14, 0, 0, 
0, 6, 0, 0, 0, 0, 0, 8,
8, 0, 0, 0, 11, 0, 0, 0, 0, 6, 0, 0, 0, 0, 0, 0, 
27, 26, 0, 0, 0, 0, 0, 0, 0, 0, 0, 26, 0, 0, 0, 0, 
26, 0, 0, 0, 26, 0, 0, 0, 0, 0, 0, 0, 0, 0, 0, 0, 
0, 0, 0, 0, 0, 0, 0, 0, 0, 0, 0, 10, 8, 0, 0, 0, 
0, 0, 0, 0, 0, 0, 0, 41, 0, 0, 0, 11, 0, 0, 0, 0, 
0, 0, 0, 0, 0, 0, 5, 0, 0, 0, 0, 0, 0, 0, 6, 0, 
0, 0, 0, 0, 0, 0, 6, 0, 0, 0, 0, 0, 5, 0, 0, 0, 
0, 5, 0, 0, 0, 0, 0, 8,
8, 0, 0, 0, 11, 0, 0, 0, 0, 7, 0, 0, 0, 0, 0, 26, 
26, 26, 26, 0, 0, 0, 27, 0, 0, 26, 26, 26, 27, 0, 0, 27, 
27, 27, 0, 0, 27, 26, 0, 0, 0, 0, 0, 0, 0, 0, 0, 0, 
0, 0, 22, 22, 0, 0, 0, 0, 0, 0, 0, 10, 8, 0, 0, 0, 
0, 0, 0, 0, 0, 0, 0, 0, 0, 0, 0, 0, 0, 0, 0, 0, 
0, 0, 0, 0, 0, 0, 7, 0, 0, 0, 0, 0, 0, 0, 7, 0, 
0, 0, 0, 0, 0, 0, 7, 0, 0, 0, 0, 0, 7, 0, 0, 0, 
0, 7, 0, 0, 0, 0, 0, 8,
8, 0, 0, 0, 11, 0, 0, 0, 10, 9, 9, 9, 9, 9, 9, 9, 
9, 12, 9, 12, 9, 9, 9, 9, 12, 9, 9, 9, 9, 9, 9, 9, 
12, 9, 9, 9, 9, 12, 9, 9, 9, 9, 9, 9, 9, 9, 9, 12, 
9, 9, 9, 9, 9, 12, 9, 8, 0, 0, 0, 10, 8, 0, 0, 15, 
3, 3, 3, 4, 3, 3, 14, 10, 9, 12, 9, 9, 9, 12, 9, 9, 
12, 9, 9, 9, 9, 12, 8, 0, 0, 0, 0, 0, 0, 0, 10, 12, 
9, 9, 9, 9, 9, 9, 9, 9, 9, 9, 9, 9, 9, 9, 9, 9, 
9, 9, 9, 8, 0, 0, 0, 8,
8, 0, 0, 0, 11, 0, 0, 0, 10, 9, 9, 12, 9, 9, 9, 12, 
9, 9, 9, 9, 12, 9, 9, 12, 12, 12, 12, 12, 9, 9, 9, 9, 
9, 9, 12, 12, 9, 9, 9, 9, 12, 9, 9, 9, 9, 12, 9, 9, 
9, 9, 9, 9, 9, 9, 9, 8, 0, 0, 0, 10, 8, 0, 0, 0, 
0, 0, 0, 0, 0, 0, 0, 10, 12, 9, 9, 12, 9, 9, 9, 9, 
9, 9, 12, 9, 9, 9, 8, 0, 0, 0, 0, 0, 0, 0, 10, 9, 
9, 9, 12, 9, 9, 9, 9, 9, 9, 9, 9, 9, 9, 9, 9, 9, 
9, 9, 9, 8, 0, 0, 0, 8,
8, 0, 0, 0, 11, 0, 0, 0, 0, 0, 0, 0, 0, 0, 0, 0, 
0, 0, 0, 0, 0, 0, 0, 0, 0, 0, 0, 0, 0, 0, 0, 0, 
0, 0, 0, 0, 0, 0, 0, 0, 0, 40, 37, 0, 0, 40, 37, 0, 
0, 0, 37, 40, 0, 0, 0, 0, 0, 0, 0, 10, 8, 0, 0, 0, 
0, 0, 0, 0, 0, 0, 0, 40, 39, 0, 0, 39, 40, 0, 39, 10, 
8, 40, 0, 37, 0, 0, 0, 0, 0, 0, 0, 0, 0, 0, 0, 0, 
37, 40, 0, 10, 8, 0, 40, 37, 0, 0, 0, 37, 40, 0, 0, 37, 
0, 40, 0, 0, 0, 0, 0, 8,
8, 0, 0, 0, 11, 0, 0, 0, 0, 0, 0, 0, 0, 0, 0, 0, 
0, 0, 0, 0, 0, 0, 0, 0, 0, 0, 0, 0, 0, 0, 0, 0, 
0, 0, 0, 0, 0, 0, 0, 0, 0, 0, 36, 0, 0, 0, 36, 0, 
0, 0, 36, 0, 0, 0, 0, 0, 0, 0, 28, 10, 8, 33, 32, 0, 
0, 0, 0, 0, 0, 0, 0, 0, 0, 0, 0, 0, 0, 0, 0, 10, 
8, 0, 0, 37, 0, 0, 0, 0, 0, 0, 11, 0, 0, 0, 0, 0, 
37, 0, 0, 10, 8, 0, 0, 37, 0, 0, 0, 37, 0, 0, 0, 37, 
0, 0, 0, 0, 0, 0, 15, 8,
8, 0, 0, 0, 11, 0, 0, 0, 0, 0, 0, 15, 1, 3, 4, 3, 
3, 2, 3, 0, 0, 0, 15, 1, 3, 4, 3, 3, 3, 3, 3, 3, 
4, 3, 3, 2, 3, 0, 0, 0, 0, 0, 0, 0, 0, 0, 0, 0, 
0, 0, 0, 0, 2, 3, 3, 3, 3, 3, 3, 10, 8, 35, 34, 20, 
20, 20, 20, 20, 20, 20, 20, 20, 20, 20, 20, 20, 0, 0, 0, 10, 
8, 0, 0, 37, 0, 0, 0, 0, 0, 15, 11, 0, 0, 0, 0, 0, 
37, 0, 0, 10, 8, 0, 0, 37, 0, 0, 0, 37, 0, 0, 0, 37, 
0, 0, 0, 0, 0, 21, 0, 8,
8, 0, 0, 0, 11, 0, 0, 0, 0, 0, 0, 0, 7, 0, 0, 0, 
0, 7, 0, 0, 0, 0, 0, 7, 0, 0, 0, 0, 0, 0, 0, 0, 
0, 0, 0, 7, 0, 0, 0, 0, 0, 0, 0, 0, 0, 0, 0, 0, 
0, 0, 0, 0, 7, 0, 0, 0, 0, 0, 0, 10, 8, 33, 32, 7, 
7, 7, 7, 7, 7, 7, 7, 7, 7, 7, 7, 7, 0, 0, 0, 10, 
8, 0, 0, 37, 0, 0, 42, 0, 0, 0, 11, 0, 0, 0, 0, 0, 
37, 0, 0, 10, 8, 0, 0, 37, 0, 0, 0, 37, 0, 0, 0, 37, 
0, 0, 0, 21, 0, 6, 0, 8,
8, 0, 0, 0, 11, 0, 0, 0, 10, 9, 9, 9, 9, 9, 9, 12, 
12, 9, 9, 9, 12, 9, 12, 9, 9, 9, 9, 9, 9, 9, 9, 12, 
12, 9, 9, 12, 9, 9, 9, 9, 9, 12, 12, 12, 9, 9, 9, 9, 
12, 9, 9, 9, 9, 9, 9, 8, 0, 0, 0, 10, 8, 35, 34, 19, 
18, 17, 43, 17, 18, 43, 17, 17, 43, 17, 18, 16, 0, 0, 0, 10, 
8, 0, 0, 36, 0, 0, 0, 0, 0, 0, 11, 14, 0, 0, 0, 0, 
36, 0, 0, 10, 8, 0, 0, 36, 0, 0, 0, 37, 0, 0, 0, 36, 
0, 0, 0, 5, 0, 5, 0, 8,
8, 0, 0, 0, 11, 0, 0, 0, 19, 45, 17, 18, 45, 18, 17, 44, 
17, 17, 44, 18, 17, 17, 17, 44, 17, 17, 45, 45, 17, 17, 17, 17, 
45, 45, 17, 17, 44, 17, 17, 17, 18, 17, 17, 43, 18, 43, 17, 43, 
17, 17, 18, 17, 45, 43, 43, 16, 0, 0, 0, 10, 12, 9, 9, 8, 
0, 0, 0, 0, 0, 0, 0, 0, 0, 0, 0, 6, 0, 0, 15, 10, 
8, 0, 0, 0, 0, 15, 2, 14, 0, 0, 11, 0, 0, 0, 0, 0, 
0, 0, 0, 10, 8, 0, 0, 0, 0, 0, 0, 37, 0, 0, 0, 0, 
0, 21, 0, 5, 0, 5, 0, 8,
8, 0, 0, 0, 11, 0, 0, 0, 0, 0, 0, 0, 0, 0, 0, 0, 
0, 0, 0, 0, 0, 0, 0, 0, 0, 0, 0, 0, 0, 0, 0, 0, 
0, 0, 0, 0, 0, 0, 0, 0, 0, 0, 0, 0, 0, 0, 0, 0, 
0, 0, 0, 0, 0, 0, 0, 0, 0, 0, 0, 10, 8, 0, 40, 0, 
0, 0, 0, 0, 0, 0, 0, 0, 0, 0, 0, 5, 0, 0, 0, 10, 
8, 0, 0, 0, 0, 0, 5, 0, 0, 0, 11, 0, 0, 0, 0, 0, 
0, 0, 0, 10, 8, 0, 0, 0, 0, 0, 0, 36, 0, 0, 0, 0, 
0, 5, 0, 6, 0, 5, 0, 8,
8, 0, 0, 0, 11, 0, 0, 0, 0, 0, 0, 0, 0, 0, 0, 0, 
0, 0, 0, 0, 0, 0, 0, 0, 0, 0, 0, 0, 0, 0, 0, 0, 
0, 0, 0, 0, 0, 0, 0, 0, 0, 0, 0, 0, 0, 0, 0, 0, 
0, 0, 0, 0, 0, 0, 0, 0, 0, 33, 32, 10, 8, 0, 0, 0, 
0, 0, 0, 0, 0, 0, 0, 0, 0, 0, 0, 7, 0, 0, 0, 10, 
8, 0, 0, 29, 0, 0, 6, 0, 0, 0, 11, 0, 0, 0, 29, 0, 
0, 0, 0, 10, 8, 0, 0, 0, 0, 0, 0, 0, 0, 0, 0, 21, 
0, 5, 0, 5, 0, 5, 0, 8,
8, 0, 0, 0, 11, 0, 0, 0, 0, 0, 0, 0, 0, 0, 0, 0, 
0, 0, 0, 0, 0, 0, 0, 0, 0, 0, 0, 0, 0, 0, 0, 0, 
0, 0, 0, 0, 0, 0, 0, 0, 0, 0, 0, 0, 0, 0, 0, 0, 
0, 0, 0, 0, 0, 0, 0, 0, 0, 35, 34, 10, 8, 0, 0, 0, 
2, 3, 3, 3, 3, 3, 3, 3, 3, 3, 3, 3, 3, 3, 3, 10, 
8, 0, 0, 0, 0, 0, 5, 0, 0, 0, 11, 0, 0, 0, 0, 0, 
0, 0, 0, 10, 8, 0, 0, 0, 0, 0, 0, 0, 0, 0, 0, 5, 
0, 6, 0, 5, 0, 6, 0, 8,
8, 0, 0, 0, 0, 0, 0, 11, 2, 1, 2, 2, 1, 2, 1, 2, 
1, 1, 2, 2, 1, 2, 1, 21, 21, 21, 21, 21, 21, 21, 21, 21, 
21, 21, 21, 21, 21, 2, 1, 1, 2, 2, 1, 20, 20, 20, 20, 20, 
20, 20, 20, 20, 20, 20, 20, 33, 32, 33, 32, 10, 8, 26, 0, 0, 
5, 0, 0, 0, 0, 0, 0, 0, 0, 42, 0, 0, 0, 0, 0, 10, 
8, 14, 0, 0, 0, 0, 5, 0, 0, 0, 11, 0, 0, 0, 0, 0, 
0, 0, 15, 10, 8, 0, 0, 2, 3, 3, 4, 3, 33, 32, 0, 6, 
0, 5, 0, 5, 0, 5, 0, 8,
8, 22, 22, 0, 0, 0, 0, 11, 7, 7, 7, 7, 7, 7, 7, 7, 
7, 7, 7, 7, 7, 7, 7, 7, 7, 7, 7, 7, 7, 7, 7, 7, 
7, 7, 7, 7, 7, 7, 7, 7, 7, 7, 7, 7, 7, 7, 7, 7, 
7, 7, 7, 7, 7, 7, 7, 35, 34, 35, 34, 10, 8, 27, 26, 0, 
7, 0, 0, 0, 0, 0, 0, 0, 0, 0, 0, 0, 0, 0, 0, 10, 
8, 22, 22, 22, 22, 22, 7, 22, 22, 22, 11, 22, 22, 22, 22, 22, 
22, 22, 22, 10, 8, 0, 0, 7, 0, 0, 0, 0, 35, 34, 22, 7, 
22, 7, 22, 7, 22, 7, 22, 8,
9, 9, 9, 9, 9, 9, 9, 9, 9, 9, 9, 9, 9, 9, 9, 9, 
9, 9, 9, 9, 9, 9, 9, 9, 9, 9, 9, 9, 9, 9, 9, 9, 
9, 9, 9, 9, 9, 9, 9, 9, 9, 9, 9, 9, 9, 9, 9, 9, 
9, 9, 9, 9, 9, 9, 9, 9, 9, 9, 9, 9, 12, 9, 9, 9, 
9, 12, 9, 9, 9, 9, 9, 12, 9, 9, 9, 9, 9, 12, 9, 9, 
9, 12, 9, 9, 9, 12, 9, 9, 9, 9, 9, 12, 9, 9, 9, 9, 
9, 12, 9, 9, 9, 9, 12, 9, 9, 9, 9, 9, 9, 9, 9, 12, 
9, 9, 9, 9, 12, 9, 9, 8
};

const short map2[9360] = {
0, 0, 0, 0, 0, 0, 0, 0, 0, 0, 0, 0, 0, 0, 0, 0, 
0, 0, 0, 0, 0, 0, 0, 0, 0, 0, 0, 0, 0, 0, 0, 0, 
0, 0, 0, 0, 0, 0, 0, 0, 0, 0, 0, 0, 0, 0, 0, 0, 
0, 0, 0, 0, 0, 0, 0, 0, 0, 0, 0, 0, 0, 0, 0, 0, 
0, 0, 0, 0, 0, 0, 0, 0, 0, 0, 0, 0, 0, 0, 0, 0, 
0, 0, 0, 0, 0, 0, 0, 0, 0, 0, 0, 0, 0, 0, 0, 0, 
0, 0, 0, 0, 0, 0, 0, 0, 0, 0, 0, 0, 0, 0, 0, 0, 
0, 0, 0, 0, 0, 0, 0, 0,
0, 0, 0, 0, 0, 0, 0, 0, 0, 0, 0, 0, 0, 0, 0, 0, 
0, 0, 0, 0, 0, 0, 0, 0, 0, 0, 0, 0, 0, 0, 0, 0, 
0, 0, 0, 0, 0, 0, 0, 0, 0, 0, 0, 0, 0, 0, 0, 0, 
0, 0, 0, 0, 0, 0, 0, 0, 0, 0, 0, 0, 0, 0, 0, 0, 
0, 0, 0, 0, 0, 0, 0, 0, 0, 0, 0, 0, 0, 0, 0, 0, 
0, 0, 0, 0, 0, 0, 0, 0, 0, 0, 0, 0, 0, 0, 0, 0, 
0, 0, 0, 0, 0, 0, 0, 0, 0, 0, 0, 0, 0, 0, 0, 0, 
0, 0, 0, 0, 0, 0, 0, 0,
0, 0, 0, 0, 0, 0, 0, 0, 0, 0, 0, 0, 0, 0, 0, 0, 
0, 0, 0, 0, 0, 0, 0, 0, 0, 0, 0, 0, 0, 0, 0, 0, 
0, 0, 0, 0, 0, 0, 0, 0, 0, 0, 0, 0, 0, 0, 0, 0, 
0, 0, 0, 0, 0, 0, 0, 0, 0, 0, 0, 0, 0, 0, 0, 0, 
0, 0, 0, 0, 0, 0, 0, 0, 0, 0, 0, 0, 0, 0, 0, 0, 
0, 0, 0, 0, 0, 0, 0, 0, 0, 0, 0, 0, 0, 0, 0, 0, 
0, 0, 0, 0, 0, 0, 0, 0, 0, 0, 0, 0, 0, 0, 0, 0, 
0, 0, 0, 0, 0, 0, 0, 0,
0, 0, 0, 0, 0, 0, 0, 0, 0, 0, 0, 0, 0, 0, 0, 0, 
0, 0, 0, 0, 0, 0, 0, 0, 0, 0, 0, 0, 0, 0, 0, 0, 
0, 0, 0, 0, 0, 0, 0, 0, 0, 0, 0, 0, 0, 0, 0, 0, 
0, 0, 0, 0, 0, 0, 0, 0, 0, 0, 0, 0, 0, 0, 0, 0, 
0, 0, 0, 0, 0, 0, 0, 0, 0, 0, 0, 0, 0, 0, 0, 0, 
0, 0, 0, 0, 0, 0, 0, 0, 0, 0, 0, 0, 0, 0, 0, 0, 
0, 0, 0, 0, 0, 0, 0, 0, 0, 0, 0, 0, 0, 0, 0, 0, 
0, 0, 0, 0, 0, 0, 0, 0,
0, 0, 0, 0, 0, 0, 0, 0, 0, 0, 0, 0, 0, 0, 0, 0, 
0, 0, 0, 0, 0, 0, 0, 0, 0, 0, 0, 0, 0, 0, 0, 0, 
0, 0, 0, 0, 0, 0, 0, 0, 0, 0, 0, 0, 0, 0, 0, 0, 
0, 0, 0, 0, 0, 0, 0, 0, 0, 0, 0, 0, 0, 0, 0, 0, 
0, 0, 0, 0, 0, 0, 0, 0, 0, 0, 0, 0, 0, 0, 0, 0, 
0, 0, 0, 0, 0, 0, 0, 0, 0, 0, 0, 0, 0, 0, 0, 0, 
0, 0, 0, 0, 0, 0, 0, 0, 0, 0, 0, 0, 0, 0, 0, 0, 
0, 0, 0, 0, 0, 0, 0, 0,
0, 0, 0, 0, 0, 0, 0, 0, 0, 0, 0, 0, 0, 0, 0, 0, 
0, 0, 0, 0, 0, 0, 0, 0, 0, 0, 0, 0, 0, 0, 0, 0, 
0, 0, 0, 0, 0, 0, 0, 0, 0, 0, 0, 0, 0, 0, 0, 0, 
0, 0, 0, 0, 0, 0, 0, 0, 0, 0, 0, 0, 0, 0, 0, 0, 
0, 0, 0, 0, 0, 0, 0, 0, 0, 0, 0, 0, 0, 0, 0, 0, 
0, 0, 0, 0, 0, 0, 0, 0, 0, 0, 0, 0, 0, 0, 0, 0, 
0, 0, 0, 0, 0, 0, 0, 0, 0, 0, 0, 0, 0, 0, 0, 0, 
0, 0, 0, 0, 0, 0, 0, 0,
0, 0, 0, 0, 0, 0, 0, 0, 0, 0, 0, 0, 0, 0, 0, 0, 
0, 0, 0, 0, 0, 0, 0, 0, 0, 0, 0, 0, 0, 0, 0, 0, 
0, 0, 0, 0, 0, 0, 0, 0, 0, 0, 0, 0, 0, 0, 0, 0, 
0, 0, 0, 0, 0, 0, 0, 0, 0, 0, 0, 0, 0, 0, 0, 0, 
0, 0, 0, 0, 0, 0, 0, 0, 0, 0, 0, 0, 0, 0, 0, 0, 
0, 0, 0, 0, 0, 0, 0, 0, 0, 0, 0, 0, 0, 0, 0, 0, 
0, 0, 0, 0, 0, 0, 0, 0, 0, 0, 0, 0, 0, 0, 0, 0, 
0, 0, 0, 0, 0, 0, 0, 0,
0, 0, 0, 0, 0, 0, 0, 0, 0, 0, 0, 0, 0, 0, 0, 0, 
0, 0, 0, 0, 0, 0, 0, 0, 0, 0, 0, 0, 0, 0, 0, 0, 
0, 0, 0, 0, 0, 0, 0, 0, 0, 0, 0, 0, 0, 0, 0, 0, 
0, 0, 0, 0, 0, 0, 0, 0, 0, 0, 0, 0, 0, 0, 0, 0, 
0, 0, 0, 0, 0, 0, 0, 0, 0, 0, 0, 0, 0, 0, 0, 0, 
0, 0, 0, 0, 0, 0, 0, 0, 0, 0, 0, 0, 0, 0, 0, 0, 
0, 0, 0, 0, 0, 0, 0, 0, 0, 0, 0, 0, 0, 0, 0, 0, 
0, 0, 0, 0, 0, 0, 0, 0,
0, 0, 0, 0, 0, 0, 0, 0, 0, 0, 0, 0, 0, 0, 0, 0, 
0, 0, 0, 0, 0, 0, 0, 0, 0, 0, 0, 0, 0, 0, 0, 0, 
0, 0, 0, 0, 0, 0, 0, 0, 0, 0, 0, 0, 0, 0, 0, 0, 
0, 0, 0, 0, 0, 0, 0, 0, 0, 0, 0, 0, 0, 0, 0, 0, 
0, 0, 0, 0, 0, 0, 0, 0, 0, 0, 0, 0, 0, 0, 0, 0, 
0, 0, 0, 0, 0, 0, 0, 0, 0, 0, 0, 0, 0, 0, 0, 0, 
0, 0, 0, 0, 0, 0, 0, 0, 0, 0, 0, 0, 0, 0, 0, 0, 
0, 0, 0, 0, 0, 0, 0, 0,
0, 0, 0, 0, 0, 0, 0, 0, 0, 0, 0, 0, 0, 0, 0, 0, 
0, 0, 0, 0, 0, 0, 0, 0, 0, 0, 0, 0, 0, 0, 0, 0, 
0, 0, 0, 0, 0, 0, 0, 0, 0, 0, 0, 0, 0, 0, 0, 0, 
0, 0, 0, 0, 0, 0, 0, 0, 0, 0, 0, 0, 0, 0, 0, 0, 
0, 0, 0, 0, 0, 0, 0, 0, 0, 0, 0, 0, 0, 0, 0, 0, 
0, 0, 0, 0, 0, 0, 0, 0, 0, 0, 0, 0, 0, 0, 0, 0, 
0, 0, 0, 0, 0, 0, 0, 0, 0, 0, 0, 0, 0, 0, 0, 0, 
0, 0, 0, 0, 0, 0, 0, 0,
0, 0, 0, 0, 0, 0, 0, 0, 0, 0, 0, 0, 0, 0, 0, 0, 
0, 0, 0, 0, 0, 0, 0, 0, 0, 0, 0, 0, 0, 0, 0, 0, 
0, 0, 0, 0, 0, 0, 0, 0, 0, 0, 0, 0, 0, 0, 0, 0, 
0, 0, 0, 0, 0, 0, 0, 0, 0, 0, 0, 0, 0, 0, 0, 0, 
0, 0, 0, 0, 0, 0, 0, 0, 0, 0, 0, 0, 0, 0, 0, 0, 
0, 0, 0, 0, 0, 0, 0, 0, 0, 0, 0, 0, 0, 0, 0, 0, 
0, 0, 0, 0, 0, 0, 0, 0, 0, 0, 0, 0, 0, 0, 0, 0, 
0, 0, 0, 0, 0, 0, 0, 0,
0, 0, 0, 0, 0, 0, 0, 0, 0, 0, 0, 0, 0, 0, 0, 0, 
0, 0, 0, 0, 0, 0, 0, 0, 0, 0, 0, 0, 0, 0, 0, 0, 
0, 0, 0, 0, 0, 0, 0, 0, 0, 0, 0, 0, 0, 0, 0, 0, 
0, 0, 0, 0, 0, 0, 0, 0, 0, 0, 0, 0, 0, 0, 0, 0, 
0, 0, 0, 0, 0, 0, 0, 0, 0, 0, 0, 0, 0, 0, 0, 0, 
0, 0, 0, 0, 0, 0, 0, 0, 0, 0, 0, 0, 0, 0, 0, 0, 
0, 0, 0, 0, 0, 0, 0, 0, 0, 0, 0, 0, 0, 0, 0, 0, 
0, 0, 0, 0, 0, 0, 0, 0,
0, 0, 0, 0, 0, 0, 0, 0, 0, 0, 0, 0, 0, 0, 0, 0, 
0, 0, 0, 0, 0, 0, 0, 0, 0, 0, 0, 0, 0, 0, 0, 0, 
0, 0, 0, 0, 0, 0, 0, 0, 0, 0, 0, 0, 0, 0, 0, 0, 
0, 0, 0, 0, 0, 0, 0, 0, 0, 0, 0, 0, 0, 0, 0, 0, 
0, 0, 0, 0, 0, 0, 0, 0, 0, 0, 0, 0, 0, 0, 0, 0, 
0, 0, 0, 0, 0, 0, 0, 0, 0, 0, 0, 0, 0, 0, 0, 0, 
0, 0, 0, 0, 0, 0, 0, 0, 0, 0, 0, 0, 0, 0, 0, 0, 
0, 0, 0, 0, 0, 0, 0, 0,
0, 0, 0, 0, 0, 0, 0, 0, 0, 0, 0, 0, 0, 0, 0, 0, 
0, 0, 0, 0, 0, 0, 0, 0, 0, 0, 0, 0, 0, 0, 0, 0, 
0, 0, 0, 0, 0, 0, 0, 0, 0, 0, 0, 0, 0, 0, 0, 0, 
0, 0, 0, 0, 0, 0, 0, 0, 0, 0, 0, 0, 0, 0, 0, 0, 
0, 0, 0, 0, 0, 0, 0, 0, 0, 0, 0, 0, 0, 0, 0, 0, 
0, 0, 0, 0, 0, 0, 0, 0, 0, 0, 0, 0, 0, 0, 0, 0, 
0, 0, 0, 0, 0, 0, 0, 0, 0, 0, 0, 0, 0, 0, 0, 0, 
0, 0, 0, 0, 0, 0, 0, 0,
0, 0, 0, 0, 0, 0, 0, 0, 0, 0, 0, 0, 0, 0, 0, 0, 
0, 0, 0, 0, 0, 0, 0, 0, 0, 0, 0, 0, 0, 0, 0, 0, 
0, 0, 0, 0, 0, 0, 0, 0, 0, 0, 0, 0, 0, 0, 0, 0, 
0, 0, 0, 0, 0, 0, 0, 0, 0, 0, 0, 0, 0, 0, 0, 0, 
0, 0, 0, 0, 0, 0, 0, 0, 0, 0, 0, 0, 0, 0, 0, 0, 
0, 0, 0, 0, 0, 0, 0, 0, 0, 0, 0, 0, 0, 0, 0, 0, 
0, 0, 0, 0, 0, 0, 0, 0, 0, 0, 0, 0, 0, 0, 0, 0, 
0, 0, 0, 0, 0, 0, 0, 0,
0, 0, 0, 0, 0, 0, 0, 0, 0, 0, 0, 0, 0, 0, 0, 0, 
0, 0, 0, 0, 0, 0, 0, 0, 0, 0, 0, 0, 0, 0, 0, 0, 
0, 0, 0, 0, 0, 0, 0, 0, 0, 0, 0, 0, 0, 0, 0, 0, 
0, 0, 0, 0, 0, 0, 0, 0, 0, 0, 0, 0, 0, 0, 0, 0, 
0, 0, 0, 0, 0, 0, 0, 0, 0, 0, 0, 0, 0, 0, 0, 0, 
0, 0, 0, 0, 0, 0, 0, 0, 0, 0, 0, 0, 0, 0, 0, 0, 
0, 0, 0, 0, 0, 0, 0, 0, 0, 0, 0, 0, 0, 0, 0, 0, 
0, 0, 0, 0, 0, 0, 0, 0,
0, 0, 0, 0, 0, 0, 0, 0, 0, 0, 0, 0, 0, 0, 0, 0, 
0, 0, 0, 0, 0, 0, 0, 0, 0, 0, 0, 0, 0, 0, 0, 0, 
0, 0, 0, 0, 0, 0, 0, 0, 0, 0, 0, 0, 0, 0, 0, 0, 
0, 0, 0, 0, 0, 0, 0, 0, 0, 0, 0, 0, 0, 0, 0, 0, 
0, 0, 0, 0, 0, 0, 0, 0, 0, 0, 0, 0, 0, 0, 0, 0, 
0, 0, 0, 0, 0, 0, 0, 0, 0, 0, 0, 0, 0, 46, 0, 0, 
0, 0, 0, 0, 0, 0, 0, 0, 0, 0, 0, 0, 0, 0, 0, 0, 
0, 0, 0, 0, 0, 0, 0, 0,
0, 0, 0, 0, 0, 0, 0, 0, 0, 0, 0, 0, 0, 0, 0, 0, 
0, 0, 0, 0, 0, 0, 0, 0, 0, 0, 0, 0, 0, 0, 0, 0, 
0, 0, 0, 0, 0, 0, 0, 0, 0, 0, 0, 0, 0, 0, 0, 0, 
0, 0, 0, 0, 0, 0, 0, 0, 0, 0, 0, 0, 0, 0, 0, 0, 
0, 0, 0, 0, 0, 0, 0, 0, 0, 0, 0, 0, 0, 0, 0, 0, 
0, 0, 0, 0, 0, 0, 0, 0, 0, 0, 0, 0, 0, 46, 0, 0, 
0, 0, 0, 0, 0, 0, 0, 0, 0, 0, 0, 0, 0, 0, 0, 0, 
0, 0, 0, 0, 0, 0, 0, 0,
0, 0, 0, 0, 0, 0, 0, 0, 0, 0, 0, 0, 0, 0, 0, 0, 
0, 0, 0, 0, 0, 0, 0, 0, 0, 0, 0, 0, 0, 0, 0, 0, 
0, 0, 0, 0, 0, 0, 0, 0, 0, 0, 0, 0, 0, 0, 0, 0, 
0, 0, 0, 0, 0, 0, 0, 0, 0, 0, 0, 0, 0, 0, 0, 0, 
0, 0, 0, 0, 0, 0, 0, 0, 0, 0, 0, 0, 0, 0, 0, 0, 
0, 0, 0, 0, 0, 0, 0, 0, 0, 0, 0, 0, 0, 0, 0, 0, 
0, 0, 0, 0, 0, 0, 0, 0, 0, 0, 0, 0, 0, 0, 0, 0, 
0, 0, 0, 0, 0, 0, 0, 0,
0, 0, 0, 0, 0, 0, 0, 0, 0, 0, 0, 0, 0, 0, 0, 0, 
0, 0, 0, 0, 0, 0, 0, 0, 0, 0, 0, 0, 0, 0, 0, 0, 
0, 0, 0, 0, 0, 0, 0, 0, 0, 0, 0, 0, 0, 0, 0, 0, 
0, 0, 0, 0, 0, 0, 0, 0, 0, 0, 0, 0, 0, 0, 0, 0, 
0, 0, 0, 0, 0, 0, 0, 0, 0, 0, 0, 0, 0, 0, 0, 0, 
0, 0, 0, 0, 0, 0, 0, 0, 0, 0, 0, 0, 0, 0, 0, 0, 
0, 0, 0, 0, 0, 0, 0, 0, 0, 0, 0, 0, 0, 0, 0, 0, 
0, 0, 0, 0, 0, 0, 0, 0,
0, 0, 0, 0, 0, 0, 0, 0, 0, 0, 0, 0, 0, 0, 0, 0, 
0, 0, 0, 0, 0, 0, 0, 0, 0, 0, 0, 0, 0, 0, 0, 0, 
0, 0, 0, 0, 0, 0, 0, 0, 0, 0, 0, 0, 0, 0, 0, 0, 
0, 0, 0, 0, 0, 0, 0, 0, 0, 0, 0, 0, 0, 0, 0, 0, 
0, 0, 0, 0, 0, 0, 0, 0, 0, 0, 0, 0, 0, 0, 0, 0, 
0, 0, 0, 0, 0, 0, 0, 0, 0, 0, 0, 0, 0, 0, 0, 0, 
0, 0, 0, 0, 0, 0, 0, 0, 0, 0, 0, 0, 0, 0, 0, 0, 
0, 0, 0, 0, 0, 0, 0, 0,
0, 0, 0, 0, 0, 0, 0, 0, 0, 0, 0, 0, 0, 0, 0, 0, 
0, 0, 0, 0, 0, 0, 0, 0, 0, 0, 0, 0, 0, 0, 0, 0, 
0, 0, 0, 0, 0, 0, 0, 0, 0, 0, 0, 0, 0, 0, 0, 0, 
0, 0, 0, 0, 0, 0, 0, 0, 0, 0, 0, 0, 0, 0, 0, 0, 
0, 0, 0, 0, 0, 0, 0, 0, 0, 0, 0, 0, 0, 0, 0, 0, 
0, 0, 0, 0, 0, 0, 0, 0, 0, 0, 0, 0, 0, 0, 0, 0, 
0, 0, 0, 0, 0, 0, 0, 0, 0, 0, 0, 0, 0, 0, 0, 0, 
0, 0, 0, 0, 0, 0, 0, 0,
0, 0, 0, 0, 0, 0, 0, 0, 0, 0, 0, 0, 0, 0, 0, 0, 
0, 0, 0, 0, 0, 0, 0, 0, 0, 0, 0, 0, 0, 0, 0, 0, 
0, 0, 0, 0, 0, 0, 0, 0, 0, 0, 0, 0, 0, 0, 0, 0, 
0, 0, 0, 0, 0, 0, 0, 0, 0, 0, 0, 0, 0, 0, 0, 0, 
0, 0, 0, 0, 0, 0, 0, 0, 0, 0, 0, 0, 0, 0, 0, 0, 
0, 0, 0, 0, 0, 0, 0, 0, 0, 0, 0, 0, 0, 0, 0, 0, 
0, 0, 0, 0, 0, 0, 0, 0, 0, 0, 0, 0, 0, 0, 0, 0, 
0, 0, 0, 0, 0, 0, 0, 0,
0, 0, 0, 0, 0, 0, 0, 0, 0, 0, 0, 0, 0, 0, 0, 0, 
0, 0, 0, 0, 0, 0, 0, 0, 0, 0, 0, 0, 0, 0, 0, 0, 
0, 0, 0, 0, 0, 0, 0, 0, 0, 0, 0, 0, 0, 0, 0, 0, 
0, 0, 0, 0, 0, 0, 0, 0, 0, 0, 0, 0, 0, 0, 0, 0, 
0, 0, 0, 0, 0, 0, 0, 0, 0, 0, 0, 0, 0, 0, 0, 0, 
0, 0, 0, 0, 0, 0, 0, 0, 0, 0, 0, 0, 0, 0, 0, 0, 
0, 0, 0, 0, 0, 0, 0, 0, 0, 0, 0, 0, 0, 0, 0, 0, 
0, 0, 0, 0, 0, 0, 0, 0,
0, 0, 0, 0, 0, 0, 0, 0, 0, 0, 0, 0, 0, 0, 0, 0, 
0, 0, 0, 0, 0, 0, 0, 0, 0, 0, 0, 0, 0, 0, 0, 0, 
0, 0, 0, 0, 0, 0, 0, 0, 0, 45, 0, 0, 0, 0, 0, 0, 
0, 0, 0, 0, 0, 0, 0, 0, 0, 0, 0, 0, 0, 0, 0, 0, 
0, 0, 0, 0, 0, 0, 0, 0, 0, 0, 0, 0, 0, 0, 0, 0, 
0, 0, 0, 0, 0, 0, 0, 0, 0, 0, 0, 0, 0, 0, 0, 0, 
0, 0, 0, 0, 0, 0, 0, 0, 0, 0, 0, 0, 0, 0, 0, 0, 
0, 0, 0, 0, 0, 0, 0, 0,
0, 0, 0, 0, 0, 0, 0, 0, 0, 0, 0, 0, 0, 0, 0, 0, 
0, 0, 0, 0, 0, 0, 0, 0, 0, 0, 0, 0, 0, 0, 0, 0, 
0, 0, 0, 0, 0, 0, 0, 0, 0, 0, 0, 0, 0, 0, 0, 0, 
0, 0, 0, 0, 0, 0, 0, 0, 0, 0, 0, 0, 0, 0, 0, 0, 
0, 0, 0, 0, 0, 0, 0, 0, 0, 0, 0, 0, 0, 0, 0, 0, 
0, 0, 0, 0, 0, 0, 0, 0, 0, 0, 0, 0, 0, 0, 0, 0, 
0, 0, 0, 0, 0, 0, 0, 0, 0, 0, 0, 0, 0, 0, 0, 0, 
0, 0, 0, 0, 0, 0, 0, 0,
0, 0, 0, 0, 0, 0, 0, 0, 0, 0, 0, 0, 0, 0, 0, 0, 
0, 0, 0, 0, 0, 0, 0, 0, 0, 0, 0, 0, 0, 0, 0, 0, 
0, 0, 0, 0, 0, 0, 0, 0, 0, 0, 0, 0, 0, 0, 0, 0, 
0, 0, 0, 0, 0, 0, 0, 0, 0, 0, 0, 0, 0, 0, 0, 0, 
0, 0, 0, 0, 0, 0, 0, 0, 0, 0, 0, 0, 0, 0, 0, 0, 
0, 0, 0, 0, 0, 0, 0, 0, 0, 0, 0, 0, 0, 0, 0, 0, 
0, 0, 0, 0, 0, 0, 0, 0, 0, 0, 0, 0, 0, 0, 0, 0, 
0, 0, 0, 0, 0, 0, 0, 0,
0, 0, 0, 0, 0, 0, 0, 0, 0, 0, 0, 0, 0, 0, 0, 0, 
0, 0, 0, 0, 0, 0, 0, 0, 0, 0, 0, 0, 0, 0, 0, 0, 
0, 0, 0, 0, 0, 0, 0, 0, 0, 0, 0, 0, 0, 0, 0, 0, 
0, 0, 0, 0, 0, 0, 0, 0, 0, 0, 0, 0, 0, 0, 0, 0, 
0, 0, 0, 0, 0, 0, 0, 0, 0, 0, 0, 0, 0, 0, 0, 0, 
0, 0, 0, 0, 0, 0, 0, 0, 0, 0, 0, 0, 0, 0, 0, 0, 
0, 0, 0, 0, 0, 0, 0, 0, 0, 0, 0, 0, 0, 0, 0, 0, 
0, 0, 0, 0, 0, 0, 0, 0,
0, 0, 0, 0, 0, 0, 0, 0, 0, 0, 0, 0, 0, 0, 0, 0, 
0, 0, 0, 0, 0, 0, 0, 0, 0, 0, 0, 0, 0, 0, 0, 0, 
0, 0, 0, 0, 0, 0, 0, 0, 0, 0, 0, 0, 0, 0, 0, 0, 
0, 0, 0, 0, 0, 0, 0, 0, 0, 0, 0, 0, 0, 0, 0, 0, 
0, 0, 0, 0, 0, 0, 0, 0, 0, 0, 0, 0, 0, 0, 0, 0, 
0, 0, 0, 0, 0, 0, 0, 0, 0, 0, 0, 0, 0, 0, 0, 0, 
0, 0, 0, 0, 0, 0, 0, 0, 0, 0, 0, 0, 0, 0, 0, 0, 
0, 0, 0, 0, 0, 0, 0, 0,
0, 0, 0, 0, 46, 0, 0, 0, 0, 0, 0, 0, 0, 0, 0, 0, 
0, 0, 0, 0, 0, 0, 0, 0, 0, 0, 0, 0, 0, 0, 0, 0, 
0, 0, 0, 0, 0, 0, 0, 0, 0, 0, 0, 0, 0, 0, 0, 0, 
0, 0, 0, 0, 0, 0, 0, 0, 0, 0, 0, 0, 0, 0, 0, 0, 
0, 0, 0, 0, 0, 0, 0, 0, 0, 0, 0, 0, 0, 0, 0, 0, 
0, 0, 0, 0, 0, 0, 0, 0, 0, 0, 0, 0, 0, 0, 0, 0, 
0, 0, 0, 0, 0, 0, 0, 0, 0, 0, 0, 0, 0, 0, 0, 0, 
0, 47, 0, 0, 0, 0, 0, 0,
0, 0, 0, 0, 0, 0, 0, 0, 0, 0, 0, 0, 0, 0, 0, 0, 
0, 0, 0, 0, 0, 0, 0, 0, 0, 0, 0, 0, 0, 0, 0, 0, 
0, 0, 0, 0, 0, 0, 0, 0, 0, 0, 0, 0, 0, 0, 0, 0, 
0, 0, 0, 0, 0, 0, 0, 0, 0, 0, 0, 0, 0, 0, 0, 0, 
0, 0, 0, 0, 0, 0, 0, 0, 0, 0, 0, 0, 0, 0, 0, 0, 
0, 0, 0, 0, 0, 0, 0, 0, 0, 0, 0, 0, 0, 0, 0, 0, 
0, 0, 0, 0, 0, 0, 0, 0, 0, 0, 0, 0, 0, 0, 0, 0, 
0, 0, 0, 0, 0, 0, 0, 0,
0, 0, 0, 0, 0, 0, 0, 0, 0, 0, 0, 0, 0, 0, 0, 0, 
0, 0, 0, 0, 0, 0, 0, 0, 0, 0, 0, 0, 0, 0, 0, 0, 
0, 0, 0, 0, 0, 0, 0, 0, 0, 0, 0, 46, 0, 0, 0, 0, 
0, 0, 0, 0, 0, 0, 0, 0, 0, 0, 0, 0, 0, 0, 0, 0, 
0, 0, 0, 0, 0, 0, 0, 0, 0, 0, 0, 0, 0, 0, 0, 0, 
0, 0, 0, 0, 0, 0, 0, 0, 0, 0, 0, 0, 0, 0, 0, 0, 
0, 0, 0, 0, 0, 0, 0, 0, 0, 0, 0, 0, 0, 0, 0, 0, 
0, 0, 0, 0, 0, 0, 0, 0,
0, 0, 0, 0, 0, 0, 0, 0, 0, 0, 0, 0, 0, 0, 0, 0, 
0, 0, 0, 0, 0, 0, 0, 0, 0, 0, 0, 0, 0, 0, 0, 0, 
0, 0, 0, 0, 0, 0, 0, 0, 0, 0, 0, 46, 0, 0, 0, 0, 
0, 0, 0, 0, 0, 0, 0, 0, 0, 0, 0, 0, 0, 0, 0, 0, 
0, 0, 0, 0, 0, 0, 0, 0, 0, 0, 0, 0, 0, 0, 0, 0, 
0, 0, 0, 0, 0, 0, 0, 0, 0, 0, 0, 0, 0, 0, 0, 0, 
0, 0, 0, 0, 0, 0, 0, 0, 0, 0, 0, 0, 0, 0, 0, 0, 
0, 0, 0, 0, 0, 0, 0, 0,
0, 0, 0, 46, 0, 0, 0, 0, 0, 0, 0, 0, 0, 0, 0, 0, 
0, 0, 0, 0, 0, 0, 0, 0, 0, 0, 0, 0, 0, 0, 0, 0, 
0, 0, 0, 0, 0, 0, 0, 0, 0, 0, 0, 46, 0, 0, 0, 0, 
0, 0, 0, 0, 0, 0, 0, 0, 0, 0, 0, 0, 0, 0, 0, 0, 
0, 0, 0, 0, 0, 0, 0, 0, 0, 0, 0, 0, 0, 0, 0, 0, 
0, 0, 0, 0, 0, 0, 0, 0, 0, 0, 0, 0, 0, 0, 0, 0, 
0, 0, 0, 0, 0, 0, 0, 0, 0, 0, 0, 0, 0, 0, 0, 0, 
0, 0, 0, 0, 0, 0, 0, 0,
0, 0, 0, 46, 0, 0, 0, 0, 0, 0, 0, 0, 0, 0, 0, 0, 
0, 0, 0, 0, 0, 0, 0, 0, 0, 0, 0, 0, 0, 0, 0, 0, 
0, 0, 0, 0, 0, 0, 0, 0, 0, 0, 0, 46, 0, 0, 0, 0, 
0, 0, 0, 0, 0, 0, 0, 0, 0, 0, 0, 0, 0, 0, 0, 0, 
0, 0, 0, 0, 0, 0, 0, 0, 0, 0, 0, 0, 0, 0, 0, 0, 
0, 0, 0, 0, 0, 0, 0, 0, 0, 0, 0, 0, 0, 0, 0, 0, 
0, 0, 0, 0, 0, 0, 0, 0, 0, 0, 0, 0, 0, 0, 0, 0, 
0, 0, 0, 0, 0, 0, 0, 0,
0, 0, 0, 0, 0, 0, 0, 0, 0, 0, 0, 0, 0, 0, 0, 0, 
0, 0, 0, 0, 0, 0, 0, 0, 0, 0, 0, 0, 0, 0, 0, 0, 
0, 0, 0, 0, 0, 0, 0, 0, 0, 0, 0, 46, 0, 0, 0, 0, 
0, 0, 0, 0, 0, 0, 0, 0, 0, 0, 0, 0, 0, 0, 0, 0, 
0, 0, 0, 0, 0, 0, 0, 0, 0, 0, 0, 0, 0, 0, 0, 0, 
0, 0, 0, 0, 0, 0, 0, 0, 0, 0, 0, 0, 0, 0, 0, 0, 
0, 0, 0, 0, 0, 0, 0, 0, 0, 0, 0, 0, 0, 0, 0, 0, 
0, 0, 0, 0, 0, 0, 0, 0,
0, 0, 0, 0, 0, 0, 0, 0, 0, 0, 0, 0, 0, 0, 0, 0, 
0, 0, 0, 0, 0, 0, 46, 0, 0, 0, 0, 0, 0, 0, 0, 0, 
0, 0, 0, 0, 0, 0, 0, 0, 0, 0, 0, 46, 0, 0, 0, 0, 
0, 0, 0, 0, 0, 0, 0, 0, 0, 0, 0, 0, 0, 0, 0, 0, 
0, 0, 0, 0, 0, 0, 0, 0, 0, 0, 0, 0, 0, 0, 0, 0, 
0, 0, 0, 0, 0, 0, 0, 0, 0, 0, 0, 0, 0, 0, 0, 0, 
0, 0, 0, 0, 0, 0, 0, 0, 0, 0, 0, 0, 0, 0, 0, 0, 
0, 0, 0, 0, 0, 0, 0, 0,
0, 0, 0, 0, 0, 47, 0, 0, 0, 0, 0, 0, 0, 0, 0, 0, 
0, 0, 0, 0, 0, 0, 46, 0, 0, 0, 0, 0, 0, 0, 0, 0, 
0, 0, 0, 0, 0, 0, 0, 0, 0, 0, 0, 0, 0, 0, 0, 0, 
0, 0, 0, 0, 0, 0, 0, 0, 0, 0, 0, 0, 0, 0, 0, 0, 
0, 0, 0, 0, 0, 0, 0, 0, 0, 0, 0, 0, 0, 0, 0, 0, 
0, 0, 0, 0, 0, 0, 0, 0, 0, 0, 0, 0, 0, 0, 0, 0, 
0, 0, 0, 0, 0, 0, 0, 0, 0, 0, 0, 0, 0, 0, 0, 0, 
0, 0, 0, 0, 0, 0, 0, 0,
0, 0, 0, 0, 0, 0, 0, 0, 0, 0, 0, 0, 0, 0, 0, 0, 
0, 0, 0, 0, 0, 0, 0, 0, 0, 0, 0, 0, 0, 0, 0, 0, 
0, 0, 0, 0, 0, 0, 0, 0, 0, 0, 0, 0, 0, 0, 0, 0, 
0, 0, 0, 0, 0, 0, 0, 0, 0, 0, 0, 0, 0, 0, 0, 0, 
0, 0, 0, 0, 0, 0, 0, 0, 0, 0, 0, 0, 0, 0, 0, 0, 
0, 0, 0, 0, 0, 0, 0, 0, 0, 0, 0, 0, 0, 0, 0, 0, 
0, 0, 0, 0, 0, 0, 0, 0, 0, 0, 0, 0, 0, 0, 0, 0, 
0, 0, 0, 0, 0, 0, 0, 0,
0, 0, 0, 0, 0, 0, 0, 0, 0, 0, 0, 0, 0, 0, 0, 0, 
0, 0, 0, 0, 0, 0, 0, 0, 0, 0, 0, 0, 0, 0, 0, 0, 
0, 0, 0, 0, 0, 0, 0, 0, 0, 0, 0, 0, 0, 0, 0, 0, 
0, 0, 0, 0, 0, 0, 0, 0, 0, 0, 0, 0, 0, 0, 0, 0, 
0, 0, 0, 0, 0, 0, 0, 0, 0, 0, 0, 0, 0, 0, 0, 0, 
0, 0, 0, 0, 0, 0, 0, 0, 0, 0, 0, 0, 0, 0, 0, 0, 
0, 0, 0, 0, 0, 0, 0, 0, 0, 0, 0, 0, 0, 0, 0, 0, 
0, 0, 0, 0, 0, 0, 0, 0,
0, 0, 0, 0, 0, 0, 0, 0, 0, 0, 0, 0, 0, 0, 0, 0, 
0, 0, 0, 0, 0, 0, 0, 0, 0, 0, 0, 0, 0, 0, 0, 0, 
0, 0, 0, 0, 0, 0, 0, 0, 0, 0, 0, 0, 0, 0, 0, 0, 
0, 0, 0, 0, 0, 0, 0, 0, 0, 0, 0, 0, 0, 0, 0, 0, 
0, 0, 0, 0, 0, 0, 0, 0, 0, 0, 0, 0, 0, 0, 0, 0, 
0, 0, 0, 0, 0, 0, 0, 0, 0, 0, 0, 0, 0, 0, 0, 0, 
0, 0, 0, 0, 0, 0, 0, 0, 0, 0, 0, 0, 0, 0, 0, 0, 
0, 0, 0, 0, 0, 0, 0, 0,
0, 0, 0, 0, 0, 0, 0, 0, 0, 0, 0, 0, 0, 0, 0, 0, 
0, 0, 0, 0, 0, 0, 0, 0, 0, 0, 0, 0, 0, 0, 0, 0, 
0, 0, 0, 0, 0, 0, 0, 0, 0, 0, 0, 0, 0, 0, 0, 0, 
0, 0, 0, 0, 0, 0, 0, 0, 0, 0, 0, 0, 0, 0, 0, 0, 
0, 0, 0, 0, 0, 0, 0, 0, 0, 0, 0, 0, 0, 0, 0, 0, 
0, 0, 0, 0, 0, 0, 0, 0, 0, 0, 0, 0, 0, 0, 0, 0, 
0, 0, 0, 0, 0, 0, 0, 0, 0, 0, 0, 0, 0, 0, 0, 0, 
0, 0, 0, 0, 0, 0, 0, 0,
0, 0, 0, 0, 0, 45, 0, 0, 0, 0, 0, 0, 0, 0, 0, 0, 
0, 0, 0, 0, 0, 0, 0, 0, 0, 0, 0, 0, 0, 0, 0, 0, 
0, 0, 0, 0, 0, 0, 0, 0, 0, 0, 0, 0, 0, 0, 0, 0, 
0, 0, 0, 0, 0, 0, 0, 0, 0, 0, 0, 0, 0, 0, 0, 0, 
0, 0, 0, 0, 0, 0, 0, 0, 0, 0, 0, 0, 0, 0, 0, 0, 
0, 0, 0, 0, 0, 0, 0, 0, 0, 0, 0, 0, 0, 0, 0, 0, 
0, 0, 0, 0, 0, 0, 0, 0, 0, 0, 0, 0, 0, 0, 0, 0, 
0, 0, 0, 0, 0, 0, 0, 0,
0, 0, 0, 0, 0, 0, 0, 0, 0, 0, 0, 0, 0, 0, 0, 0, 
0, 0, 0, 0, 0, 0, 0, 0, 0, 0, 0, 0, 0, 0, 0, 0, 
0, 0, 0, 0, 0, 0, 0, 0, 0, 0, 0, 0, 0, 0, 0, 0, 
0, 0, 0, 0, 0, 0, 0, 0, 0, 0, 0, 0, 0, 0, 0, 0, 
0, 46, 0, 0, 0, 0, 0, 0, 0, 0, 0, 0, 0, 0, 0, 0, 
0, 0, 0, 0, 0, 0, 0, 0, 0, 0, 0, 0, 0, 0, 0, 0, 
0, 0, 0, 0, 0, 0, 0, 0, 0, 0, 0, 0, 0, 0, 0, 0, 
0, 0, 0, 0, 0, 0, 0, 0,
0, 0, 0, 0, 0, 0, 0, 0, 0, 0, 0, 0, 0, 0, 0, 0, 
0, 0, 0, 0, 0, 0, 0, 0, 0, 0, 0, 0, 0, 0, 0, 0, 
0, 0, 0, 0, 0, 0, 0, 0, 0, 0, 0, 0, 0, 0, 0, 0, 
0, 0, 0, 0, 0, 0, 0, 0, 0, 0, 0, 0, 0, 0, 0, 0, 
0, 0, 0, 0, 0, 0, 0, 0, 0, 0, 0, 0, 0, 0, 0, 0, 
0, 0, 0, 0, 0, 0, 0, 0, 0, 0, 0, 0, 0, 0, 0, 0, 
0, 0, 0, 0, 0, 0, 0, 0, 0, 0, 0, 0, 0, 0, 0, 0, 
0, 0, 0, 0, 0, 0, 0, 0,
0, 0, 0, 0, 0, 0, 0, 0, 0, 0, 0, 0, 0, 0, 0, 0, 
0, 0, 0, 0, 0, 0, 0, 0, 0, 0, 0, 0, 0, 0, 0, 0, 
0, 0, 0, 0, 0, 0, 0, 0, 0, 0, 0, 0, 0, 0, 0, 0, 
0, 0, 0, 0, 0, 0, 0, 0, 0, 0, 0, 0, 0, 0, 0, 0, 
0, 0, 0, 0, 0, 0, 0, 0, 0, 0, 0, 0, 0, 0, 0, 0, 
0, 0, 0, 0, 0, 0, 0, 0, 0, 0, 0, 0, 0, 0, 0, 0, 
0, 0, 0, 0, 0, 0, 0, 0, 0, 0, 0, 0, 0, 0, 0, 0, 
0, 0, 0, 0, 0, 0, 0, 0,
0, 0, 0, 0, 0, 0, 0, 0, 0, 0, 0, 0, 0, 0, 0, 0, 
0, 0, 0, 0, 0, 0, 0, 0, 0, 0, 0, 0, 0, 0, 0, 0, 
0, 0, 0, 0, 0, 0, 0, 0, 0, 0, 0, 0, 0, 0, 0, 0, 
0, 0, 0, 0, 0, 0, 0, 0, 0, 0, 0, 0, 0, 0, 0, 0, 
0, 0, 0, 0, 0, 0, 0, 0, 0, 0, 0, 0, 0, 0, 0, 0, 
0, 0, 0, 0, 0, 0, 0, 0, 0, 0, 0, 0, 0, 0, 0, 0, 
0, 0, 0, 0, 0, 0, 0, 0, 0, 0, 0, 0, 0, 0, 0, 0, 
0, 0, 0, 0, 0, 0, 0, 0,
0, 0, 0, 0, 0, 0, 0, 0, 0, 0, 0, 0, 0, 0, 0, 0, 
0, 0, 0, 0, 0, 0, 0, 0, 0, 0, 0, 0, 0, 0, 0, 0, 
0, 0, 0, 0, 0, 0, 0, 0, 0, 0, 0, 0, 0, 0, 0, 0, 
0, 0, 0, 0, 0, 0, 0, 0, 0, 0, 0, 0, 0, 0, 46, 0, 
0, 0, 0, 0, 0, 0, 0, 0, 0, 0, 0, 0, 0, 0, 0, 0, 
0, 0, 0, 0, 0, 0, 0, 0, 0, 0, 0, 0, 0, 0, 0, 0, 
0, 0, 0, 0, 0, 0, 0, 0, 0, 0, 0, 0, 0, 0, 0, 0, 
0, 0, 0, 0, 0, 0, 0, 0,
0, 0, 0, 0, 0, 0, 0, 0, 0, 0, 0, 0, 0, 0, 0, 0, 
0, 0, 0, 0, 0, 0, 0, 0, 0, 0, 0, 0, 0, 0, 0, 0, 
0, 0, 0, 0, 0, 0, 0, 0, 0, 0, 0, 0, 0, 0, 0, 0, 
0, 0, 0, 0, 0, 0, 0, 0, 0, 0, 0, 0, 0, 0, 0, 0, 
0, 0, 0, 0, 0, 0, 0, 0, 0, 0, 0, 0, 0, 0, 0, 0, 
0, 0, 0, 0, 0, 0, 0, 0, 0, 0, 0, 0, 0, 0, 0, 0, 
0, 0, 0, 0, 0, 0, 0, 0, 0, 0, 0, 0, 0, 0, 0, 0, 
0, 0, 0, 0, 0, 0, 0, 0,
0, 0, 0, 0, 0, 0, 0, 0, 0, 0, 0, 0, 0, 0, 0, 0, 
0, 0, 0, 0, 0, 0, 0, 0, 0, 0, 0, 0, 0, 0, 0, 0, 
0, 0, 0, 0, 0, 0, 0, 0, 0, 0, 0, 0, 0, 0, 0, 0, 
0, 0, 0, 0, 0, 0, 0, 0, 0, 0, 0, 0, 0, 0, 0, 0, 
0, 0, 0, 0, 0, 0, 0, 0, 0, 0, 0, 0, 0, 0, 0, 0, 
0, 0, 0, 0, 0, 0, 0, 0, 0, 0, 0, 0, 0, 0, 0, 0, 
0, 0, 0, 0, 0, 0, 0, 0, 0, 0, 0, 0, 0, 0, 0, 0, 
0, 0, 0, 0, 0, 0, 0, 0,
0, 0, 0, 0, 0, 0, 0, 0, 0, 0, 0, 0, 0, 0, 0, 0, 
0, 0, 0, 0, 0, 0, 0, 0, 0, 0, 0, 0, 0, 0, 0, 0, 
0, 0, 0, 0, 0, 0, 0, 0, 0, 0, 0, 0, 0, 0, 0, 0, 
0, 0, 0, 0, 0, 0, 0, 0, 0, 0, 0, 0, 0, 0, 0, 0, 
0, 0, 0, 0, 0, 0, 0, 0, 0, 0, 0, 0, 0, 0, 0, 0, 
0, 0, 0, 0, 0, 0, 0, 0, 0, 0, 0, 0, 0, 0, 0, 0, 
0, 0, 0, 0, 0, 0, 0, 0, 0, 0, 0, 0, 0, 0, 0, 0, 
0, 0, 0, 0, 0, 0, 0, 0,
0, 0, 0, 0, 0, 0, 0, 0, 0, 0, 0, 0, 0, 0, 0, 0, 
0, 0, 0, 0, 0, 0, 0, 0, 0, 0, 0, 0, 0, 0, 0, 0, 
0, 0, 0, 0, 0, 0, 0, 0, 0, 0, 0, 0, 0, 0, 0, 0, 
0, 0, 0, 0, 0, 0, 0, 0, 0, 0, 0, 0, 0, 0, 0, 0, 
0, 0, 0, 0, 0, 0, 0, 0, 0, 0, 0, 0, 0, 0, 0, 0, 
0, 0, 0, 0, 0, 0, 0, 0, 0, 0, 0, 0, 0, 0, 0, 0, 
0, 0, 0, 0, 0, 0, 0, 0, 0, 0, 0, 0, 0, 0, 0, 0, 
0, 0, 0, 0, 0, 0, 0, 0,
0, 0, 0, 0, 0, 0, 0, 0, 0, 0, 0, 0, 0, 0, 0, 0, 
0, 0, 0, 0, 0, 0, 0, 0, 0, 0, 0, 0, 0, 0, 0, 0, 
0, 0, 0, 0, 0, 0, 0, 0, 0, 0, 0, 0, 0, 0, 0, 0, 
0, 0, 0, 0, 0, 0, 0, 0, 0, 0, 0, 0, 0, 0, 0, 0, 
0, 0, 0, 0, 0, 0, 0, 0, 0, 0, 0, 0, 0, 0, 0, 0, 
0, 0, 0, 0, 0, 0, 0, 0, 0, 0, 0, 0, 0, 0, 0, 0, 
0, 0, 0, 0, 0, 0, 0, 0, 0, 0, 0, 0, 0, 0, 0, 0, 
0, 0, 0, 0, 0, 0, 0, 0,
0, 0, 0, 0, 0, 0, 0, 0, 0, 0, 0, 0, 0, 0, 0, 0, 
0, 0, 0, 0, 0, 0, 0, 0, 0, 0, 0, 0, 0, 0, 0, 0, 
0, 0, 0, 0, 0, 0, 0, 0, 0, 0, 0, 0, 0, 0, 0, 0, 
0, 0, 0, 0, 0, 0, 0, 0, 0, 0, 0, 0, 0, 0, 0, 0, 
0, 0, 0, 0, 0, 0, 0, 0, 0, 0, 0, 0, 0, 0, 0, 0, 
0, 0, 0, 0, 0, 0, 0, 0, 0, 0, 0, 0, 0, 0, 0, 0, 
0, 0, 0, 0, 0, 0, 0, 0, 0, 0, 0, 0, 0, 0, 0, 0, 
0, 0, 0, 0, 0, 0, 0, 0,
0, 0, 0, 0, 0, 0, 0, 0, 0, 0, 0, 0, 0, 0, 0, 0, 
0, 0, 0, 0, 0, 0, 0, 0, 0, 0, 0, 0, 0, 0, 0, 0, 
0, 0, 0, 0, 0, 0, 0, 0, 0, 0, 0, 0, 0, 0, 0, 0, 
0, 0, 0, 0, 0, 0, 0, 0, 0, 0, 0, 0, 0, 0, 0, 0, 
0, 0, 0, 0, 0, 0, 0, 0, 0, 0, 0, 0, 0, 0, 0, 0, 
0, 0, 0, 0, 0, 0, 0, 0, 0, 0, 0, 0, 0, 0, 0, 0, 
0, 0, 0, 0, 0, 0, 0, 0, 0, 0, 0, 0, 0, 0, 0, 0, 
0, 0, 0, 0, 0, 0, 0, 0,
0, 0, 0, 0, 0, 0, 0, 0, 0, 0, 0, 0, 0, 0, 0, 0, 
0, 0, 0, 0, 0, 0, 0, 0, 0, 0, 0, 0, 0, 0, 0, 0, 
0, 0, 0, 0, 0, 0, 0, 0, 0, 0, 0, 0, 0, 0, 0, 0, 
0, 0, 0, 0, 0, 0, 0, 0, 0, 0, 0, 0, 0, 0, 0, 0, 
0, 0, 0, 0, 0, 0, 0, 0, 0, 0, 0, 0, 0, 0, 0, 0, 
0, 0, 0, 0, 0, 0, 0, 0, 0, 0, 0, 0, 0, 0, 0, 0, 
0, 0, 0, 0, 0, 0, 0, 0, 0, 0, 0, 0, 0, 0, 0, 0, 
0, 0, 0, 0, 0, 0, 0, 0,
0, 0, 0, 0, 0, 0, 0, 0, 0, 0, 0, 0, 0, 0, 0, 0, 
0, 0, 0, 0, 0, 0, 0, 0, 0, 0, 0, 0, 0, 0, 0, 0, 
0, 0, 0, 0, 0, 0, 0, 0, 0, 0, 0, 0, 0, 0, 0, 0, 
0, 0, 0, 0, 0, 0, 0, 0, 0, 0, 0, 0, 0, 0, 0, 0, 
0, 0, 0, 0, 0, 0, 0, 0, 0, 0, 0, 0, 0, 0, 0, 0, 
0, 0, 0, 0, 0, 0, 0, 0, 0, 0, 0, 0, 0, 0, 0, 0, 
0, 0, 0, 0, 0, 0, 0, 0, 0, 0, 0, 0, 0, 0, 0, 0, 
0, 0, 0, 0, 0, 0, 0, 0,
0, 0, 0, 0, 0, 0, 0, 0, 0, 0, 0, 0, 0, 0, 0, 0, 
0, 0, 0, 0, 0, 0, 0, 0, 0, 0, 0, 0, 0, 0, 0, 0, 
0, 0, 0, 0, 0, 0, 0, 0, 0, 0, 0, 0, 0, 0, 0, 0, 
0, 0, 0, 0, 0, 0, 0, 0, 0, 0, 0, 0, 0, 0, 0, 0, 
0, 0, 0, 0, 0, 0, 0, 0, 0, 0, 0, 0, 0, 0, 0, 0, 
0, 0, 0, 0, 0, 0, 0, 0, 0, 0, 0, 0, 0, 0, 0, 0, 
0, 0, 0, 0, 0, 0, 0, 0, 0, 0, 0, 0, 0, 0, 0, 0, 
0, 0, 0, 0, 0, 0, 0, 0,
0, 0, 0, 0, 0, 0, 0, 0, 0, 0, 0, 0, 0, 0, 0, 0, 
0, 0, 0, 0, 0, 0, 0, 0, 0, 0, 0, 0, 0, 0, 0, 0, 
0, 0, 0, 0, 0, 0, 0, 0, 0, 0, 0, 0, 0, 0, 0, 0, 
0, 0, 0, 0, 0, 0, 0, 0, 0, 0, 0, 0, 0, 0, 0, 0, 
0, 0, 0, 0, 0, 0, 0, 0, 0, 0, 0, 0, 0, 0, 0, 0, 
0, 0, 0, 0, 0, 0, 0, 0, 0, 0, 0, 0, 0, 0, 0, 0, 
0, 0, 0, 0, 0, 0, 0, 0, 0, 0, 0, 0, 0, 0, 0, 0, 
0, 0, 0, 0, 0, 0, 0, 0,
0, 0, 0, 0, 0, 0, 0, 0, 0, 0, 0, 0, 0, 0, 0, 0, 
0, 0, 0, 0, 0, 0, 0, 0, 0, 0, 0, 0, 0, 0, 0, 0, 
0, 0, 0, 0, 0, 0, 0, 0, 0, 0, 0, 0, 0, 0, 0, 0, 
0, 0, 0, 0, 0, 0, 0, 0, 0, 0, 0, 0, 0, 0, 0, 0, 
0, 0, 0, 0, 0, 0, 0, 0, 0, 0, 0, 0, 0, 0, 0, 0, 
0, 0, 0, 0, 0, 0, 0, 0, 0, 0, 0, 0, 0, 0, 0, 0, 
0, 0, 0, 0, 0, 0, 0, 0, 0, 0, 0, 0, 0, 0, 0, 0, 
0, 0, 0, 0, 0, 0, 0, 0,
0, 0, 0, 0, 0, 0, 0, 0, 0, 0, 0, 0, 0, 0, 0, 0, 
0, 0, 0, 0, 0, 0, 0, 0, 0, 0, 0, 0, 0, 0, 0, 0, 
0, 0, 0, 0, 0, 0, 0, 0, 0, 0, 0, 0, 0, 0, 0, 0, 
0, 0, 0, 0, 0, 0, 0, 0, 0, 0, 0, 0, 0, 0, 0, 0, 
0, 0, 0, 0, 0, 0, 0, 0, 0, 0, 0, 0, 0, 0, 0, 0, 
0, 0, 0, 0, 0, 0, 0, 0, 0, 0, 0, 0, 0, 0, 0, 0, 
0, 0, 0, 0, 0, 0, 0, 0, 0, 0, 0, 0, 0, 0, 0, 0, 
0, 0, 0, 0, 0, 0, 0, 0,
0, 0, 0, 0, 0, 0, 0, 0, 0, 0, 0, 0, 0, 0, 0, 0, 
0, 0, 0, 0, 0, 0, 0, 0, 0, 0, 0, 0, 0, 0, 0, 0, 
0, 0, 0, 0, 0, 0, 0, 0, 0, 0, 0, 0, 0, 0, 0, 0, 
0, 0, 0, 0, 0, 0, 0, 0, 0, 0, 0, 0, 0, 0, 0, 0, 
0, 0, 0, 0, 0, 0, 0, 0, 0, 0, 0, 0, 0, 0, 0, 0, 
0, 0, 0, 0, 0, 0, 0, 0, 0, 0, 0, 0, 0, 0, 0, 0, 
0, 0, 0, 0, 0, 0, 0, 0, 0, 0, 0, 0, 0, 0, 0, 0, 
0, 0, 0, 0, 0, 0, 0, 0,
0, 0, 0, 0, 0, 0, 0, 0, 0, 0, 0, 0, 0, 0, 0, 0, 
0, 0, 0, 0, 0, 0, 0, 0, 0, 0, 0, 0, 0, 0, 0, 0, 
0, 0, 0, 0, 0, 0, 0, 0, 0, 0, 0, 0, 0, 0, 0, 0, 
0, 0, 0, 0, 0, 0, 0, 0, 0, 0, 0, 0, 0, 0, 0, 0, 
0, 0, 0, 0, 0, 0, 0, 0, 0, 0, 0, 0, 0, 0, 0, 0, 
0, 0, 0, 0, 0, 0, 0, 0, 0, 0, 0, 0, 0, 0, 0, 0, 
0, 0, 0, 0, 0, 0, 0, 0, 0, 0, 0, 0, 0, 0, 0, 0, 
0, 0, 0, 0, 0, 0, 0, 0,
0, 0, 0, 0, 0, 0, 0, 0, 0, 0, 0, 0, 0, 0, 0, 0, 
0, 0, 0, 0, 0, 0, 0, 0, 0, 0, 0, 0, 0, 0, 0, 0, 
0, 0, 0, 0, 0, 0, 0, 0, 0, 0, 0, 0, 0, 0, 0, 0, 
0, 0, 0, 0, 0, 0, 0, 0, 0, 0, 0, 0, 0, 0, 0, 0, 
0, 0, 0, 0, 0, 0, 0, 0, 0, 0, 0, 47, 0, 0, 0, 0, 
0, 0, 0, 0, 0, 0, 0, 0, 0, 0, 0, 0, 0, 0, 0, 0, 
0, 0, 0, 0, 0, 0, 0, 0, 0, 0, 0, 0, 0, 0, 0, 0, 
0, 0, 0, 0, 0, 0, 0, 0,
0, 0, 0, 0, 0, 0, 0, 0, 0, 0, 0, 0, 0, 0, 0, 0, 
0, 0, 0, 0, 0, 0, 0, 0, 0, 0, 0, 0, 0, 0, 0, 0, 
0, 0, 0, 0, 0, 0, 0, 0, 0, 0, 0, 0, 0, 0, 0, 0, 
0, 0, 0, 0, 0, 0, 0, 0, 0, 0, 0, 0, 0, 0, 0, 0, 
0, 0, 0, 0, 0, 0, 0, 0, 0, 0, 0, 0, 0, 0, 0, 0, 
0, 0, 0, 0, 0, 0, 0, 0, 0, 0, 0, 0, 0, 0, 0, 0, 
0, 0, 0, 0, 0, 0, 0, 0, 0, 0, 0, 0, 0, 0, 0, 0, 
0, 0, 0, 0, 0, 0, 0, 0,
0, 0, 0, 0, 0, 0, 0, 0, 0, 0, 0, 0, 0, 0, 0, 0, 
0, 0, 0, 0, 0, 0, 0, 0, 0, 0, 0, 0, 0, 0, 0, 0, 
0, 0, 0, 0, 0, 0, 0, 0, 0, 0, 0, 0, 0, 0, 0, 0, 
0, 0, 0, 0, 0, 0, 0, 0, 0, 0, 0, 0, 0, 0, 0, 0, 
0, 0, 0, 0, 0, 0, 0, 0, 0, 0, 0, 0, 0, 0, 0, 0, 
0, 0, 0, 0, 0, 0, 0, 0, 0, 0, 0, 0, 0, 0, 0, 0, 
0, 0, 0, 0, 0, 0, 0, 0, 0, 0, 0, 0, 0, 0, 0, 0, 
0, 0, 0, 0, 0, 0, 0, 0,
0, 0, 0, 0, 0, 0, 0, 0, 0, 0, 0, 0, 0, 0, 0, 0, 
0, 0, 0, 0, 0, 0, 0, 0, 0, 0, 0, 0, 0, 0, 0, 0, 
0, 0, 0, 0, 0, 0, 0, 0, 0, 0, 0, 0, 0, 0, 0, 0, 
0, 0, 0, 0, 0, 0, 0, 0, 0, 0, 0, 0, 0, 0, 0, 0, 
0, 0, 0, 0, 0, 0, 0, 0, 0, 0, 0, 0, 0, 0, 0, 0, 
0, 0, 0, 0, 0, 0, 0, 0, 0, 0, 0, 0, 0, 0, 0, 0, 
0, 0, 0, 0, 0, 0, 0, 0, 0, 0, 0, 0, 0, 0, 0, 0, 
0, 0, 0, 0, 0, 0, 0, 0,
0, 0, 0, 0, 0, 0, 0, 0, 0, 0, 0, 0, 0, 0, 0, 0, 
0, 0, 0, 0, 0, 0, 0, 0, 0, 0, 0, 0, 0, 0, 0, 0, 
0, 0, 0, 0, 0, 0, 0, 0, 0, 0, 0, 0, 0, 0, 0, 0, 
0, 0, 0, 0, 0, 0, 0, 0, 0, 0, 0, 0, 0, 0, 0, 0, 
0, 0, 0, 0, 0, 0, 0, 0, 0, 0, 0, 0, 0, 0, 0, 0, 
0, 0, 0, 0, 0, 0, 0, 0, 0, 0, 0, 0, 0, 0, 0, 0, 
0, 0, 0, 0, 0, 0, 0, 0, 0, 0, 0, 0, 0, 0, 0, 0, 
0, 0, 0, 0, 0, 0, 0, 0,
0, 0, 0, 0, 0, 0, 0, 0, 0, 0, 0, 0, 0, 0, 0, 0, 
0, 0, 0, 0, 0, 0, 0, 0, 0, 0, 0, 0, 0, 0, 0, 0, 
0, 0, 0, 0, 0, 0, 0, 0, 0, 0, 0, 0, 0, 0, 0, 0, 
0, 0, 0, 0, 0, 0, 0, 0, 0, 0, 0, 0, 0, 0, 0, 0, 
0, 0, 0, 0, 0, 0, 0, 0, 0, 0, 0, 0, 0, 0, 0, 0, 
0, 0, 0, 0, 0, 0, 0, 0, 0, 0, 0, 0, 0, 0, 0, 0, 
0, 0, 0, 0, 0, 0, 0, 0, 0, 0, 0, 0, 0, 0, 0, 0, 
0, 0, 0, 0, 0, 0, 0, 0,
0, 0, 0, 0, 0, 0, 0, 0, 0, 0, 0, 0, 0, 0, 0, 0, 
0, 0, 0, 0, 0, 0, 0, 0, 0, 0, 0, 0, 0, 0, 0, 0, 
0, 0, 0, 0, 0, 0, 0, 0, 0, 0, 0, 0, 0, 0, 0, 0, 
0, 0, 0, 0, 0, 0, 0, 0, 0, 0, 0, 0, 0, 0, 0, 0, 
0, 0, 0, 0, 0, 0, 0, 0, 0, 0, 0, 0, 0, 0, 0, 0, 
0, 0, 0, 0, 0, 0, 0, 0, 0, 0, 0, 0, 0, 0, 0, 0, 
0, 0, 0, 0, 0, 0, 0, 0, 0, 0, 0, 0, 0, 0, 0, 0, 
0, 0, 0, 0, 0, 0, 0, 0,
0, 0, 0, 0, 0, 0, 0, 0, 0, 0, 0, 0, 0, 0, 0, 0, 
0, 0, 0, 0, 0, 0, 0, 0, 0, 0, 0, 0, 0, 0, 0, 0, 
0, 0, 0, 0, 0, 0, 0, 0, 0, 0, 0, 0, 0, 0, 0, 0, 
0, 0, 0, 0, 0, 0, 0, 0, 0, 0, 0, 0, 0, 0, 0, 0, 
0, 0, 0, 0, 0, 0, 0, 0, 0, 0, 0, 0, 0, 0, 0, 0, 
0, 0, 0, 0, 0, 0, 0, 0, 0, 0, 0, 0, 0, 0, 0, 0, 
0, 0, 0, 0, 0, 0, 0, 0, 0, 0, 0, 0, 0, 0, 0, 0, 
0, 0, 0, 0, 0, 0, 0, 0,
0, 0, 0, 0, 0, 0, 0, 0, 0, 0, 0, 0, 0, 0, 0, 0, 
0, 0, 0, 0, 0, 0, 0, 0, 0, 0, 0, 0, 0, 0, 0, 0, 
0, 0, 0, 0, 0, 0, 0, 0, 0, 0, 0, 0, 0, 0, 0, 0, 
0, 0, 0, 0, 0, 0, 0, 0, 0, 0, 0, 0, 0, 0, 0, 0, 
0, 0, 0, 0, 0, 0, 0, 0, 0, 0, 0, 0, 0, 0, 0, 0, 
0, 0, 0, 0, 0, 0, 0, 0, 0, 0, 0, 0, 0, 0, 0, 0, 
0, 0, 0, 0, 0, 0, 0, 0, 0, 0, 0, 0, 0, 0, 0, 0, 
0, 0, 0, 0, 0, 0, 0, 0,
0, 0, 0, 0, 0, 0, 0, 0, 0, 0, 0, 0, 0, 0, 0, 0, 
0, 0, 0, 0, 0, 0, 0, 0, 0, 0, 0, 0, 0, 0, 0, 0, 
0, 0, 0, 0, 0, 0, 0, 0, 0, 0, 0, 0, 0, 0, 0, 0, 
0, 0, 0, 0, 0, 0, 0, 0, 0, 0, 0, 0, 0, 0, 0, 0, 
0, 0, 0, 0, 0, 0, 0, 0, 0, 0, 0, 0, 0, 0, 0, 0, 
0, 0, 0, 0, 0, 0, 0, 0, 0, 0, 0, 0, 0, 0, 0, 0, 
0, 0, 0, 0, 0, 0, 0, 0, 0, 0, 0, 0, 0, 0, 0, 0, 
0, 0, 0, 0, 0, 0, 0, 0,
0, 0, 0, 0, 0, 0, 0, 0, 0, 0, 0, 0, 0, 0, 0, 0, 
0, 0, 0, 0, 0, 0, 0, 0, 0, 0, 0, 0, 0, 0, 0, 0, 
0, 0, 0, 0, 0, 0, 0, 0, 0, 0, 0, 0, 0, 0, 0, 0, 
0, 0, 0, 0, 0, 0, 0, 0, 0, 0, 0, 0, 0, 0, 0, 0, 
0, 0, 0, 0, 0, 0, 0, 0, 0, 0, 0, 0, 0, 0, 0, 0, 
0, 0, 0, 0, 0, 0, 0, 0, 0, 0, 0, 0, 0, 0, 0, 0, 
0, 0, 0, 0, 0, 0, 0, 0, 0, 0, 0, 0, 0, 0, 0, 0, 
0, 0, 0, 0, 0, 0, 0, 0,
0, 0, 0, 0, 0, 0, 0, 0, 0, 0, 0, 0, 0, 0, 0, 0, 
0, 0, 0, 0, 0, 0, 0, 0, 0, 0, 0, 0, 0, 0, 0, 0, 
0, 0, 0, 0, 0, 0, 0, 0, 0, 0, 0, 0, 0, 0, 0, 0, 
0, 0, 0, 0, 0, 0, 0, 0, 0, 0, 0, 0, 0, 0, 0, 0, 
0, 0, 0, 0, 0, 0, 0, 0, 0, 0, 0, 0, 0, 0, 0, 0, 
0, 0, 0, 0, 0, 0, 0, 0, 0, 0, 0, 0, 0, 0, 0, 0, 
0, 0, 0, 0, 0, 0, 0, 0, 0, 0, 0, 0, 0, 0, 0, 0, 
0, 0, 0, 0, 0, 0, 0, 0,
0, 0, 0, 0, 0, 0, 0, 0, 0, 0, 0, 0, 0, 0, 0, 0, 
0, 0, 0, 0, 0, 0, 0, 0, 0, 0, 0, 0, 0, 0, 0, 0, 
0, 0, 0, 0, 0, 0, 0, 0, 0, 0, 0, 0, 0, 0, 0, 0, 
0, 0, 0, 0, 0, 0, 0, 0, 0, 0, 0, 0, 0, 0, 0, 0, 
0, 0, 0, 0, 0, 0, 0, 0, 0, 0, 0, 0, 0, 0, 0, 0, 
0, 0, 0, 0, 0, 0, 0, 0, 0, 0, 0, 0, 0, 0, 0, 0, 
0, 0, 0, 0, 0, 0, 0, 0, 0, 0, 0, 0, 0, 0, 0, 0, 
0, 0, 0, 0, 0, 0, 0, 0,
0, 0, 0, 0, 0, 0, 0, 0, 0, 0, 0, 0, 0, 0, 0, 0, 
0, 0, 0, 0, 0, 0, 0, 0, 0, 0, 0, 0, 0, 0, 0, 0, 
0, 0, 0, 0, 0, 0, 0, 0, 0, 0, 0, 0, 0, 0, 0, 0, 
0, 0, 0, 0, 0, 0, 0, 0, 0, 0, 0, 0, 0, 0, 0, 0, 
0, 0, 0, 0, 0, 0, 0, 0, 0, 0, 0, 0, 0, 0, 45, 0, 
0, 0, 0, 0, 0, 0, 0, 0, 0, 0, 0, 0, 0, 0, 0, 0, 
0, 0, 0, 0, 0, 45, 0, 0, 0, 0, 0, 0, 0, 0, 0, 0, 
0, 0, 0, 0, 0, 0, 0, 0,
0, 0, 0, 0, 0, 0, 0, 0, 0, 0, 0, 0, 0, 0, 0, 0, 
0, 0, 0, 0, 0, 0, 0, 0, 0, 0, 0, 0, 0, 0, 0, 0, 
0, 0, 0, 0, 0, 0, 0, 0, 0, 0, 0, 0, 0, 0, 0, 0, 
0, 0, 0, 0, 0, 0, 0, 0, 0, 0, 0, 0, 0, 0, 0, 0, 
0, 0, 0, 0, 0, 0, 0, 0, 0, 0, 0, 0, 0, 0, 0, 0, 
0, 0, 0, 0, 0, 0, 0, 0, 0, 0, 0, 0, 0, 0, 0, 0, 
0, 0, 0, 0, 0, 0, 0, 0, 0, 0, 0, 0, 0, 0, 0, 0, 
0, 0, 0, 0, 0, 0, 0, 0
};

